0 614 16 384 294 2563 1821 3296 2 1875 4158 946 4159 4160 
0 4161 4162 
0 34 76 274 2 411 413 119 
0 20 90 607 636 
0 542 549 971 1668 288 4163 
0 191 274 2 3249 332 2312 119 69 83 798 
0 94 16 181 4164 996 22 417 83 
0 207 588 2 4165 731 36 207 20 289 76 13 56 2 691 108 106 
0 503 4166 2 1126 411 1096 
0 827 90 2570 
0 4167 56 928 
0 542 
0 191 454 82 4168 
0 94 365 353 121 
0 244 80 2464 
0 191 2 588 2 
0 379 
0 95 2 941 
0 471 281 53 56 76 119 191 16 337 76 48 
0 27 306 4169 43 
0 400 119 56 76 129 2 928 
0 95 141 284 429 1028 76 436 424 34 3854 
0 3031 
0 76 31 143 2449 359 563 
0 5888 175 
0 146 4170 
0 119 400 3136 
0 4171 470 2759 4817 4172 
0 4173 2549 2 4174 356 2121 4175 88 522 599 34 2138 49 1018 357 
0 4176 143 129 2 674 43 
0 847 129 2882 579 885 
0 4177 4178 553 121 141 1712 4179 36 3276 142 
0 733 936 2 916 119 503 725 983 2550 4180 4181 4182 4183 
0 84 76 34 4184 
0 95 542 
0 448 95 759 16 4185 4186 119 4187 257 2358 121 4188 4189 4190 2577 1028 1604 
0 502 141 
0 36 588 106 4191 119 106 2 5499 429 4192 207 4193 1343 4194 
0 130 34 4195 4178 4195 16 16 4170 
0 665 70 2 4196 109 161 108 69 2060 76 
0 21 16 4197 242 519 431 1015 4198 3133 3128 1014 63 16 16 4199 141 
0 1004 4200 3001 53 4201 166 24 4202 
0 13 274 2 359 119 2057 20 4203 13 49 
0 43 68 16 4204 37 
0 150 1865 251 1865 
0 106 274 4205 672 
0 115 1005 1821 
0 4206 885 48 207 
0 53 20 722 249 431 2371 665 4184 
0 4207 172 
0 76 476 5888 63 1249 90 16 1021 
0 542 76 36 
0 20 3349 377 88 108 24 20 4208 
0 542 1665 
0 2312 129 2 4209 108 
0 76 16 4210 16 4211 4211 4212 
0 4213 627 20 830 361 4214 4215 
0 16 1182 4216 4217 63 16 228 4216 4218 502 
0 48 1572 2 996 43 555 361 121 1079 561 4219 
0 427 1071 4220 1665 207 20 242 2 4221 16 414 4222 4223 4224 
0 207 1122 3128 
0 308 309 
0 20 2060 796 4225 4226 
0 4227 600 210 996 
0 4228 72 1982 928 1357 20 765 
0 4229 83 69 4230 69 1113 318 4231 4232 94 95 4233 361 
0 379 20 436 1157 2 1159 1018 4234 
0 129 141 885 588 2 
0 53 1097 20 4235 293 
0 471 76 
0 1096 
0 109 542 106 34 4236 50 
0 160 119 48 34 210 
0 191 20 212 1865 293 34 306 1634 93 
0 76 90 84 4237 34 95 
0 274 2 34 108 
0 1177 408 
0 1865 480 103 95 455 
0 82 143 4238 172 
0 836 147 76 
0 93 4239 4240 1399 78 34 4241 50 34 24 2 4242 4243 4244 4245 1399 
0 20 436 289 175 
0 2 20 4246 24 16 4247 765 
0 4248 24 4249 134 
0 4250 4251 72 2180 4252 4253 
0 130 79 80 
0 191 274 2 56 1004 124 4254 
0 119 361 480 4222 4223 4255 2 107 80 293 64 175 1120 
0 4256 4257 4258 166 4259 4260 
0 20 4261 2549 2 1849 108 20 1417 1535 191 284 129 560 
0 20 204 172 1454 317 4262 
0 290 361 106 111 
0 56 
0 210 83 1865 
0 32 16 1195 4263 4264 332 69 4265 4266 
0 95 
0 56 1004 1552 84 665 4267 952 20 134 106 787 
0 778 16 1102 
0 4268 20 150 93 229 
0 4160 210 106 107 2 4269 574 4270 
0 20 644 191 1447 728 4271 454 48 4272 50 
0 4248 2726 4273 109 4274 
0 1004 20 108 
0 2 125 16 4275 
0 4276 4277 146 233 455 769 
0 16 217 175 24 4278 602 4279 119 101 
0 94 431 39 130 274 2 1669 20 5 332 217 56 48 1966 4280 388 4281 
0 53 
0 4170 
0 95 332 2315 141 117 1218 95 20 608 
0 361 2 2941 4282 241 
0 249 384 1805 4283 16 67 4284 
0 4285 24 2000 2261 949 
0 90 
0 847 244 80 129 294 
0 16 2180 1004 243 
0 4167 8 
0 4286 4287 4288 4289 
0 76 
0 246 106 168 866 1569 
0 4290 4291 24 83 107 242 317 
0 119 281 69 1096 185 119 220 4292 
0 542 4293 4294 4295 832 602 1028 361 875 
0 8 57 288 431 172 741 4296 
0 149 282 503 
0 916 1126 4200 55 411 76 
0 5888 106 4297 490 119 63 490 4298 4299 
0 476 2429 
0 4178 296 4300 4301 614 
0 4302 542 588 4303 555 156 84 69 129 2 5452 783 2 328 24 141 119 274 20 4304 2 88 
0 13 941 4305 4306 24 20 172 678 106 473 95 141 94 293 
0 542 141 4307 
0 4308 121 34 76 
0 788 741 1912 
0 816 503 2 59 2 4309 
0 20 212 101 90 43 4310 
0 4311 24 4312 4313 4314 24 95 502 63 
0 34 16 977 121 4315 
0 53 1218 2312 16 90 1018 4316 4317 3364 43 293 5888 4318 1642 4319 
0 83 1865 
0 34 143 5888 119 4320 27 129 15 43 
0 4321 56 63 20 4322 70 69 129 129 2 2040 
0 115 996 563 435 2391 4323 
0 281 2 
0 48 454 107 242 121 4324 
0 3128 16 67 101 16 149 3644 3128 1085 4325 4326 2031 
0 95 147 109 4327 
0 4328 4329 108 4330 56 4193 82 1120 4331 79 80 686 4332 4254 
0 4333 4334 4335 159 284 602 133 4336 207 31 
0 77 4337 4338 191 27 4339 72 1296 109 353 
0 1865 725 480 103 95 455 
0 143 78 49 431 2 4340 108 4341 4342 4343 4344 4345 4346 4347 
0 274 579 2 119 4222 4223 2 34 789 388 614 
0 27 4348 4349 2312 4350 79 80 34 411 
0 1578 1126 4351 56 1004 4352 4223 758 2200 39 15 4344 
0 847 56 109 2 627 
0 34 
0 3890 763 36 4353 
0 294 150 
0 376 119 851 48 994 
0 4160 56 1004 
0 4354 1811 31 
0 542 119 72 4355 
0 2 27 
0 943 56 76 920 171 4356 
0 206 191 602 4357 328 285 
0 4358 191 289 4359 4360 95 
0 400 267 72 1471 56 82 76 
0 4361 4362 278 1807 4363 289 95 141 70 206 56 143 365 2216 124 
0 950 4364 950 
0 542 
0 20 4365 328 31 101 270 31 105 
0 4366 207 
0 5 185 4367 2215 1278 
0 48 733 4135 2402 4368 20 769 1102 20 153 24 20 552 574 3940 4369 4370 
0 4371 16 614 1454 4372 
0 72 2578 1219 4373 4374 88 1282 617 56 2062 1071 324 429 927 1912 95 141 644 119 20 769 
0 4375 
0 156 36 2833 
0 79 80 434 
0 2312 4376 4377 
0 43 377 290 53 11 928 2 191 270 218 2535 
0 401 4378 4379 242 5955 51 
0 16 242 953 
0 400 69 150 220 588 51 31 4380 171 1045 31 69 
0 1007 379 16 24 1371 16 43 20 4381 4382 59 158 
0 129 2 295 121 613 76 141 4383 34 242 
0 2332 2 121 665 
0 43 68 39 395 16 171 95 141 246 553 
0 86 924 1004 4384 265 76 
0 130 2312 24 20 5 
0 147 1312 4385 141 775 503 2 34 613 542 295 
0 4386 
0 76 83 20 5 36 884 
0 121 134 1558 4387 1634 
0 109 108 4388 4388 760 613 
0 4297 191 4297 27 2165 72 542 4391 4392 
0 281 2 
0 76 106 2312 53 4393 4360 31 431 
0 1007 76 16 95 
0 447 121 306 1430 424 2 4394 20 1428 
0 109 928 787 106 
0 95 555 4395 4396 179 4397 4398 11 43 68 24 95 2429 
0 141 34 2 2 4399 503 156 
0 917 31 3191 175 
0 4400 159 
0 297 2 722 175 2633 
0 48 130 1556 
0 2882 478 445 185 
0 4401 1677 2 16 25 4402 195 665 209 4288 
0 16 4403 3574 294 
0 244 80 129 2 20 248 1574 119 293 3189 4404 
0 20 4405 43 4406 678 
0 169 59 172 4407 1218 233 193 3145 4408 4409 613 
0 4410 4411 4412 14 463 4413 4414 119 295 
0 1004 1471 542 82 20 3000 4415 411 4416 
0 2266 1757 745 395 16 1881 844 1865 20 5 36 
0 59 2726 4417 774 4418 34 4419 
0 847 306 65 
0 16 2350 337 
0 107 756 220 106 
0 297 149 4420 119 4648 
0 588 2 4421 
0 2735 952 147 
0 20 4422 1865 2630 4423 2630 2630 
0 4425 1096 16 4426 4222 4427 
0 3854 4428 69 130 
0 191 1847 665 76 4429 16 924 161 108 3145 
0 379 20 4430 
0 787 121 
0 4431 4432 4433 
0 191 332 16 153 875 2 284 129 1895 
0 2180 641 4434 
0 4435 147 143 784 4436 4437 270 31 105 
0 101 4438 24 20 4439 16 4440 587 107 108 1253 3038 65 1668 1102 106 733 298 4168 108 
0 191 274 4441 4442 2 196 107 2 4443 
0 3145 
0 2246 53 8 20 733 8 20 
0 229 143 
0 207 101 
0 86 108 130 129 2 1556 
0 109 4444 16 4445 242 
0 106 5 4446 
0 733 4447 4448 16 1858 95 540 
0 48 10 
0 2125 69 1312 2 69 1195 37 69 119 4449 
0 867 4450 
0 95 672 69 2 129 478 84 69 171 94 
0 1343 2896 76 121 431 289 43 672 
0 90 1369 2 4451 
0 274 2 6 2 7 119 20 177 20 4452 143 1621 117 
0 1004 16 48 759 16 241 4453 
0 447 121 306 1430 424 2 4394 20 1428 
0 2062 4454 1116 952 
0 4455 978 290 20 4456 5 
0 1623 4457 
0 352 4458 
0 4459 82 4460 1865 4461 
0 4462 395 210 787 2031 76 4463 
0 1004 130 1556 4143 1218 745 
0 248 72 36 
0 179 4464 3596 294 129 2 4465 4466 4467 16 
0 20 72 204 172 4468 996 20 4469 
0 239 627 356 
0 4470 244 80 2464 257 270 31 105 1523 4129 
0 1279 24 72 121 778 16 924 
0 13 
0 86 212 2 2656 2 65 191 34 4471 4178 24 4247 191 274 
0 788 2 594 4235 1004 
0 936 220 129 
0 2312 16 649 429 431 875 
0 126 847 616 847 
0 94 4472 3 849 290 6 2 53 94 16 3 849 
0 72 992 
0 248 6 2 7 725 952 
0 206 86 72 4473 63 281 16 124 4474 
0 3229 4475 119 725 627 
0 4476 119 1042 79 80 24 242 1454 1218 48 
0 243 48 191 379 
0 1004 130 1556 4143 1218 4477 
0 179 
0 4478 126 4479 4480 106 34 731 3349 4481 121 
0 516 270 31 105 92 
0 143 2167 121 16 4482 1004 553 121 1218 72 4483 
0 183 204 1035 20 172 72 4484 
0 1296 11 648 24 4485 4486 
0 851 4487 141 892 191 56 274 141 4409 270 31 105 
0 5888 4488 480 361 
0 542 741 
0 503 4489 857 127 233 1870 34 919 56 76 1218 48 477 11 510 1312 1067 
0 204 141 693 190 
0 665 4031 121 55 4490 82 4491 507 188 121 20 253 2032 156 
0 1110 3322 24 4492 4318 4493 
0 159 43 
0 204 1035 4456 274 2 238 35 24 20 1828 1804 
0 191 4494 257 34 613 4495 16 577 143 293 129 2 928 
0 3854 847 16 48 130 611 
0 4496 1364 101 
0 76 4497 274 242 
0 4498 4499 196 150 119 600 802 4352 4223 
0 4500 78 107 242 
0 338 3428 129 2 4501 185 295 79 80 207 69 476 361 
0 141 20 170 1035 72 20 2871 4502 
0 302 4503 60 
0 141 2871 53 1202 2871 25 342 2871 4505 72 36 4477 
0 183 4506 2335 733 936 130 34 83 928 4502 4507 
0 210 
0 343 161 43 641 83 242 2 4397 4508 4509 
0 763 
0 4510 20 4511 
0 93 76 274 4512 2 107 2 657 
0 665 55 107 4513 
0 113 16 114 
0 1114 16 114 
0 5888 265 
0 4514 588 24 16 4515 
0 4516 
0 130 778 1857 178 24 20 5 
0 1004 13 4517 
0 4518 3535 4519 2834 
0 39 4520 4317 4521 
0 13 3598 
0 4522 4523 3453 43 1177 4524 1817 16 2451 24 1951 1057 
0 2 1163 425 4525 124 5499 76 1388 82 4526 24 
0 363 4527 1739 1575 121 1259 4528 
0 1164 16 4529 1668 1904 129 31 121 16 4530 1350 
0 4531 988 4532 4533 1294 4534 153 1399 
0 4535 20 172 4513 4536 43 1146 4468 69 27 92 39 92 927 4465 4537 43 4538 4539 4540 4541 2814 
0 1523 788 1469 2 4542 4543 210 1916 157 698 288 4544 
0 16 616 1172 1173 646 4545 76 124 686 1290 1093 34 16 918 288 
0 614 264 34 602 1150 739 1145 1146 2312 4546 3322 4394 2942 
0 191 2765 1290 344 82 1118 761 11 1120 11 4548 11 2739 1795 199 121 3398 364 4549 
0 109 4360 815 129 1668 2 733 390 1156 
0 4550 34 353 4551 1404 4552 588 4553 
0 4554 1241 4555 245 1259 260 4556 288 4557 2370 1717 1982 
0 4558 771 952 143 2 34 1120 242 4559 1134 550 16 4560 
0 188 1163 24 20 4439 542 3151 2479 
0 90 43 4561 1163 646 20 1021 4562 4563 4564 4565 4566 16 124 
0 4567 76 1290 188 1120 179 
0 142 1004 1360 1178 1362 480 53 4568 4569 
0 2765 1290 143 265 1071 525 602 20 1237 188 1120 24 1776 4570 3052 
0 4571 4958 43 68 76 109 16 4572 37 4573 
0 665 143 1114 924 952 31 24 1169 191 361 
0 24 4574 1875 665 
0 4575 952 43 1120 4576 476 4577 2 588 82 4578 109 16 4579 2 641 
0 4580 16 4581 1459 4582 1404 39 16 4581 
0 4416 244 80 188 24 2 4583 4584 11 3589 108 4585 1169 3 996 4586 
0 2312 138 3306 1120 646 76 2 1995 24 138 436 4587 
0 4588 665 1380 121 16 1163 4589 4590 63 238 4591 731 193 293 4592 
0 4235 1004 20 831 445 4593 284 104 16 2060 4594 602 1120 4124 361 641 4595 4596 
0 4597 4598 4599 188 4581 1364 2 129 2 16 4600 4601 
0 4602 1225 971 3546 188 2 95 739 4216 6009 4581 
0 1916 330 4603 4604 1004 4605 646 4606 3989 16 4607 76 191 4608 16 4609 191 16 4610 4609 
0 205 1284 4611 543 1562 24 1802 1062 3453 53 1518 94 933 
0 76 480 175 34 24 16 496 2093 34 4612 20 1169 4613 4614 
0 1150 2 16 649 2522 2 6009 1146 729 4615 
0 435 337 411 2 1096 185 34 6009 16 168 39 
0 4516 210 6009 363 480 361 
0 188 4581 1321 779 1912 4616 
0 4617 627 36 4618 191 1640 1163 788 
0 86 4619 76 4620 1120 4621 4622 13 296 
0 117 107 697 82 24 4623 480 361 95 3148 79 80 94 207 1120 
0 4624 1045 436 53 344 82 1120 36 76 411 4625 1012 4626 857 
0 1211 1184 739 1214 179 43 68 16 123 16 1668 922 31 94 4627 
0 1004 365 16 1163 393 2 34 4628 4629 
0 4630 106 4631 1640 2765 1290 274 2 2 142 4631 1640 433 63 1259 4632 1321 4633 
0 2977 149 3051 3151 295 1163 2312 143 82 
0 129 2 2 941 82 1120 294 
0 2062 4634 445 4635 496 542 1120 445 996 4234 4636 4393 4374 4637 104 53 16 
0 43 4638 761 1163 641 16 4639 697 4328 1225 
0 719 847 431 39 725 4135 553 4184 142 1916 2 1618 
0 142 4640 121 1120 90 
0 191 3547 16 1284 4641 1016 3424 4642 2246 53 4643 16 1761 4644 4645 207 4646 4647 641 
0 72 2702 1120 119 996 4648 4648 2 4649 4650 76 4651 27 1249 166 992 
0 16 4652 37 411 16 4653 57 4626 332 4654 43 1120 84 431 857 2384 4655 
0 207 4656 909 129 478 20 1163 950 2062 2060 
0 109 4360 2156 1146 670 101 4657 16 4658 761 2156 972 
0 290 1146 37 
0 4659 4374 130 4660 1120 39 2 4661 4662 
0 4663 206 1916 
0 4664 2765 1290 274 2 4665 82 1141 2695 119 34 209 24 1146 1574 1150 
0 4666 191 4667 59 4668 1668 288 867 4669 2312 31 95 141 4670 1054 1120 1766 288 445 20 1021 
0 4671 2329 343 193 84 53 20 871 218 388 445 1021 4672 1290 476 1599 1259 1343 2765 1290 1511 
0 1310 4603 185 4673 4674 1120 43 16 388 1180 16 616 1775 4675 886 
0 109 16 1350 4676 4677 4187 1286 641 1227 1301 1184 4678 
0 4679 16 815 1164 1165 288 1120 
0 4680 134 108 2 2878 5 185 4681 
0 4682 1184 343 4683 299 459 108 121 16 4684 741 82 641 16 4685 1212 1089 1800 922 
0 1459 143 375 244 80 129 402 1294 614 
0 2350 4541 20 175 2 129 242 2 1163 516 1007 
0 665 143 1114 924 952 31 24 1169 191 361 
0 641 24 4686 1146 297 2 1089 408 
0 1177 188 2543 196 16 393 210 602 1302 674 1102 
0 94 95 2 1597 24 117 24 3453 4687 129 16 4688 
0 2359 2 1721 150 245 4689 
0 53 1458 1663 11 1458 4690 754 63 414 249 518 141 141 
0 4691 2 27 20 
0 109 16 175 
0 53 435 2877 16 4692 1595 4693 1134 2 1556 4694 1879 4695 125 288 1431 
0 551 2493 1421 1787 1460 43 
0 2055 1471 4696 
0 4631 728 24 16 76 83 2246 1028 76 4697 150 
0 129 4698 1905 693 119 210 34 2 1761 1865 
0 4699 111 4700 
0 759 20 2298 69 16 121 
0 143 76 4701 1554 2 
0 39 256 941 588 2 157 31 1667 588 
0 1469 1415 
0 16 436 2 146 119 4702 4703 
0 4704 24 16 328 496 43 4705 2931 
0 435 24 4706 542 
0 43 68 613 4674 2 34 2 775 288 175 149 14 5 2023 
0 588 175 1674 
0 4707 
0 3412 
0 941 2319 1509 
0 24 480 21 79 80 759 
0 185 362 121 1472 4708 1447 4709 812 185 435 
0 2045 121 
0 105 830 14 78 
0 3322 
0 1628 158 
0 4710 300 4711 3464 38 
0 759 16 383 119 
0 2 1469 43 16 2866 2187 233 1365 2 941 862 
0 141 208 4712 1768 646 76 1628 4713 61 133 76 55 4714 4417 4288 31 185 16 474 1449 
0 16 614 510 185 4715 4716 1096 
0 1401 
0 476 24 20 4717 613 601 647 2925 1738 941 109 233 337 27 
0 759 4718 4719 1635 4718 
0 1223 1710 343 95 2457 
0 65 429 1615 
0 1467 119 731 185 746 434 146 
0 1613 1431 
0 16 76 1841 36 141 1655 2 971 121 4720 1475 245 
0 1421 3583 188 7 24 141 1421 
0 847 
0 53 264 2 146 24 16 496 300 82 
0 996 2 4721 208 
0 2045 121 20 
0 4722 4723 210 4724 480 429 4725 
0 1614 20 4726 388 1478 4727 205 94 16 867 1357 
0 76 16 2159 551 1888 4687 146 4728 647 143 1399 
0 299 1782 43 16 898 4729 4730 4731 4732 76 1279 1412 2140 778 16 2022 4049 
0 4733 496 
0 34 15 1875 4734 121 
0 369 
0 4735 1052 
0 24 20 1499 1597 108 1038 121 
0 1870 1431 778 16 4736 
0 4722 4737 
0 4738 4739 1882 1431 297 
0 24 20 678 34 1447 1205 4306 95 1205 24 20 247 
0 109 16 
0 1880 1458 383 343 1595 1447 24 16 3113 76 1595 1413 
0 171 121 1467 
0 3322 
0 59 60 2 1415 343 2 1595 716 103 
0 109 16 175 
0 293 1484 
0 1467 1620 1423 288 1743 1423 
0 185 613 434 1535 191 129 560 16 1263 
0 93 
0 1509 369 
0 759 1595 1456 76 125 245 138 
0 868 1206 117 129 146 120 
0 4710 16 1851 1592 76 4740 
0 503 1877 76 4741 78 83 1456 191 195 830 4742 2 4743 551 2 2384 
0 43 4744 20 4745 293 
0 150 1028 
0 141 542 4746 1038 1628 43 1642 
0 35 20 
0 76 1509 369 
0 238 2948 3628 4747 4748 361 2 2 16 4749 4288 108 554 24 16 507 
0 4750 293 1725 1463 
0 53 16 105 1370 2 4751 1721 63 
0 759 
0 4752 1431 431 175 361 503 1460 121 355 1421 
0 16 4753 24 20 1642 
0 3429 290 210 302 1544 245 220 4754 
0 551 1888 
0 4729 
0 119 106 473 464 4755 43 1500 4756 14 158 16 474 1449 728 149 63 379 
0 1624 1096 24 16 474 614 
0 1220 3081 1447 1798 
0 1405 
0 1465 
0 4757 1399 355 
0 4603 1299 4758 
0 83 2721 4759 645 220 
0 150 16 474 716 
0 249 242 
0 4760 754 1650 474 4761 119 570 4762 76 78 759 1589 1018 920 
0 53 542 4763 5452 4764 
0 142 1628 2312 607 121 146 
0 5888 265 
0 4765 4766 
0 1524 4767 2 146 332 90 4767 2001 1650 
0 24 1655 16 4768 288 1478 
0 94 16 4958 4759 125 24 945 20 76 130 220 
0 16 649 3322 
0 16 361 48 70 293 76 
0 1875 4603 2 
0 109 16 208 175 
0 141 
0 83 4769 
0 208 4248 121 4770 4771 
0 4704 388 
0 5888 1824 1052 265 
0 95 1890 1421 4772 95 4701 4773 
0 4774 757 16 1432 1431 
0 1206 4775 
0 16 181 4776 4777 76 185 16 507 2 812 
0 369 1052 
0 1639 90 1557 2735 
0 4778 4779 
0 76 141 364 
0 812 716 510 
0 48 4377 646 119 142 4780 3204 
0 4781 108 
0 5452 141 53 
0 20 436 121 1504 
0 149 670 
0 759 
0 1485 4779 
0 4782 4783 4784 
0 759 
0 1223 
0 1824 1052 2350 
0 5 503 1028 830 24 1478 4785 4786 
0 249 242 
0 39 996 4787 1636 4788 
0 20 1595 57 1717 4789 288 4790 1469 1415 16 67 245 
0 344 82 4768 141 649 
0 4701 4791 1747 
0 4781 1052 146 4792 
0 4793 125 369 327 4794 121 1402 11 121 20 1529 1431 76 1597 728 16 
0 274 20 242 
0 713 149 4734 121 3109 
0 4795 503 1747 24 1882 
0 343 613 1413 20 1499 106 402 119 941 
0 1748 4796 204 947 641 
0 1597 
0 944 
0 2525 158 1415 1480 
0 1028 2779 2 4797 4798 431 1874 343 
0 195 94 16 121 4799 
0 4800 
0 16 3021 1485 119 503 1655 369 
0 4603 2395 306 1524 2744 2 20 1484 185 759 
0 171 
0 16 1485 4779 76 731 185 20 343 
0 5888 1824 1052 
0 1484 2350 583 1879 
0 1995 24 20 3500 121 20 1786 1431 379 1798 
0 6208 
0 492 1205 24 4801 4802 4958 
0 1379 4803 1736 1431 
0 4804 1541 4805 121 1934 
0 76 143 210 3840 125 4806 31 288 1431 
0 149 158 1484 130 245 343 1413 265 
0 34 1553 1033 
0 142 53 1447 1399 129 2 1895 4807 106 1447 134 429 
0 355 208 
0 48 4808 2049 20 1431 1134 1549 95 875 
0 5888 265 16 474 434 
0 16 1467 16 507 63 1134 24 20 1867 4809 2213 646 
0 4810 142 20 1421 53 733 2 1421 1597 728 20 1421 
0 16 121 5 76 1778 16 4788 492 
0 4811 1523 
0 233 2158 
0 5888 1485 399 265 2049 121 1472 1824 1052 
0 125 369 
0 1430 4049 971 1412 109 233 4812 1067 1540 101 
0 146 1504 11 480 48 302 20 1421 
0 503 84 1467 53 265 4813 
0 109 16 4248 
0 175 
0 296 2 2 284 759 388 496 1456 496 4814 175 16 388 107 31 
0 107 288 1472 332 4816 1499 149 1556 1052 
0 48 90 16 388 1504 
0 1614 16 561 1532 76 129 4817 185 16 1626 716 629 146 2 150 16 614 119 503 150 2457 245 1624 
0 185 16 129 1875 4817 20 1431 
0 149 76 83 
0 4818 1429 125 2855 2 4819 106 588 
0 1900 731 1787 
0 83 4769 
0 300 2 142 2158 2371 1532 1666 
0 142 3113 290 20 3608 731 3785 4820 4821 
0 1805 2115 82 4713 2387 76 90 1904 4822 676 24 560 4823 
0 1623 369 
0 4824 302 1668 
0 395 210 812 3608 34 242 20 
0 146 2 588 343 716 103 4377 1096 
0 53 996 1865 3608 107 121 141 4825 2 363 
0 1364 34 16 4826 119 4827 759 1865 332 1530 369 1912 
0 83 1399 721 1348 2 1599 
0 355 
0 94 352 27 82 1431 
0 476 1415 220 129 2 765 14 158 1103 1408 887 888 1556 76 1861 24 
0 142 121 8 2217 4216 24 647 13 14 63 158 1865 
0 106 670 16 4828 11 3037 
0 4958 
0 4779 
0 725 34 1511 2 121 20 
0 2045 
0 464 1109 
0 95 4722 4829 141 
0 2045 24 4830 
0 996 4831 48 1042 812 1457 209 4832 
0 46 4833 1348 4834 
0 4248 542 76 129 24 20 1421 
0 4793 24 1421 146 
0 1730 4835 4836 31 3608 2 16 4837 4838 
0 2 812 
0 4839 3375 1748 1348 2 476 1102 3176 264 
0 16 4248 
0 293 1828 41 
0 4840 2746 2 417 56 1614 16 16 1904 1583 1433 4841 
0 63 1030 476 76 
0 291 24 364 161 43 4842 1730 11 
0 156 1485 4779 
0 1597 353 1676 
0 1895 1467 4477 434 361 
0 1223 
0 4843 399 
0 95 53 1572 
0 125 369 1463 4844 4687 24 16 3113 64 941 352 
0 1467 2 363 
0 1873 76 736 867 169 24 4845 
0 16 2176 1271 2115 1597 24 352 928 
0 130 56 53 936 830 11 480 1041 175 1742 274 11 
0 3412 121 1467 2 363 
0 20 1451 125 1730 16 436 1623 476 106 14 108 2 1595 1595 
0 4847 
0 4958 2 4835 613 175 
0 95 815 3841 
0 4848 2 11 
0 4840 2 4418 4715 121 3806 498 1628 53 4418 498 2 134 507 6 
0 4735 4209 20 31 3607 352 
0 59 141 1447 288 82 746 4849 2498 4850 4851 607 1405 270 
0 2449 388 141 265 327 506 
0 207 332 875 
0 1457 20 4843 119 39 941 106 146 
0 759 
0 111 241 121 20 
0 5888 1511 265 146 53 210 5709 
0 733 2 83 16 138 16 12 24 
0 1399 16 1485 1900 95 61 11 1642 1434 4773 
0 4852 48 754 43 1290 651 794 
0 4853 
0 2449 191 759 
0 4854 1623 369 125 1399 15 4855 4856 4782 940 4857 895 158 
0 847 
0 516 4858 2370 2 146 4859 551 
0 4860 291 
0 4834 551 
0 16 1485 399 
0 20 2350 20 4861 1432 1431 507 36 1460 245 20 150 1505 647 542 
0 5888 265 
0 979 265 941 4862 27 109 
0 5 1407 4844 
0 76 1650 16 608 
0 174 2 928 2570 2 1005 146 1431 
0 1472 3464 38 324 20 478 16 474 4833 2449 647 108 2 16 936 4465 1038 4158 31 20 584 
0 464 369 1798 4863 1447 
0 2312 4782 1950 3003 1348 2 4864 1628 4865 76 1348 2 
0 142 1348 2 238 5452 
0 146 435 13 2 941 121 
0 34 496 476 185 16 614 731 129 2 1597 24 1134 4866 
0 4867 2350 1824 1052 
0 109 4868 2 34 4779 95 455 
0 1485 4869 
0 815 954 1730 719 731 
0 1613 
0 4870 
0 4867 1415 1052 
0 2312 90 191 
0 24 4871 11 4872 
0 5888 288 399 4873 4874 5888 265 4875 
0 82 16 614 63 1875 1005 1415 20 
0 1748 431 4701 
0 435 1591 2 1778 1535 1511 3491 4876 57 4877 121 388 1511 551 
0 4878 1429 129 121 2201 1706 4879 4880 647 107 24 16 1414 1085 
0 759 4881 
0 1459 1093 1580 293 4882 1067 377 
0 4883 1674 
0 83 4769 76 759 
0 1364 5888 265 24 306 842 
0 1399 11 120 16 3063 76 4884 238 119 510 4885 332 1604 20 1421 
0 4760 129 2 1716 
0 1748 1870 1431 4886 815 175 641 149 337 1454 1509 4527 415 108 
0 4800 4888 288 16 4889 
0 342 1857 4890 4891 4892 125 4893 4894 1126 233 
0 195 16 2350 1824 1052 34 109 1312 
0 754 1650 70 76 299 3608 503 1058 4895 53 210 2533 20 4896 31 540 
0 4897 78 431 2 1030 16 16 4898 3608 11 365 
0 106 20 1762 728 1399 4899 119 94 16 67 3063 1574 1642 
0 2350 
0 1504 1444 11 4900 284 1279 31 20 1421 
0 4661 399 125 369 2350 
0 736 1710 520 1711 119 
0 185 1414 11 2219 175 3051 731 210 146 306 2457 4901 
0 588 82 4603 1824 1052 
0 2312 4891 
0 355 1706 4902 4903 731 149 175 733 2 1597 24 
0 210 138 
0 90 24 1430 119 1399 16 2159 4248 
0 293 1553 59 60 2 121 
0 16 1404 2464 363 1307 24 5888 4904 4905 551 
0 149 76 928 76 4906 158 
0 63 2 2370 1761 4907 1454 4667 284 1447 
0 115 4908 1741 288 16 1365 
0 1432 4288 108 1535 191 108 361 191 83 4909 507 24 20 1416 4288 
0 586 1857 
0 2449 1550 4910 
0 1532 2627 1857 
0 862 789 1198 175 344 91 90 53 70 16 107 24 4707 
0 3379 4911 4912 
0 4701 2340 76 16 1636 729 210 146 
0 2055 2 1223 1467 130 
0 2 1312 108 2 16 434 1052 
0 1717 115 4913 1764 1639 121 20 
0 1050 1451 4377 4914 
0 551 1364 4915 24 4916 119 210 2811 138 24 20 1421 
0 759 53 274 2 146 1873 
0 83 90 91 
0 142 2 3643 4917 4918 1768 4919 2525 4920 4921 646 
0 191 4723 
0 363 4533 48 941 1567 1721 
0 759 16 1624 20 4922 1691 1454 
0 115 1716 119 1041 2 4923 
0 150 120 245 4924 53 417 733 2 146 20 1486 121 
0 369 
0 1580 
0 2733 1875 361 2 34 
0 4840 48 4797 20 1876 949 1887 1544 288 3191 1807 1712 4925 4926 1808 1809 1830 
0 53 1299 274 16 721 1874 90 4927 3063 309 4928 4929 
0 143 106 264 2 769 141 84 150 4930 
0 185 1614 146 191 343 731 
0 2449 1414 1676 249 121 1431 302 24 20 1421 
0 733 343 3608 297 1710 343 434 1481 
0 4931 111 175 121 20 1717 4932 
0 4933 4934 647 731 50 185 1223 
0 53 16 105 1370 2 4751 1721 63 
0 302 1668 288 1716 4737 
0 355 
0 4800 
0 146 16 4935 106 4936 1904 146 16 4937 63 
0 63 16 474 510 16 4363 4938 107 31 507 24 146 
0 4939 1620 20 1237 4940 
0 4941 
0 2866 4823 121 20 1478 4942 4943 
0 2645 480 11 4944 
0 24 1974 2312 4945 90 53 1900 
0 185 149 1415 284 129 4817 185 
0 1900 4946 16 57 4947 4948 
0 34 1411 4958 1484 24 20 4949 290 121 233 
0 185 20 34 2 82 16 57 4354 731 1887 36 344 20 1567 
0 83 1223 
0 759 138 93 210 83 20 1432 1431 355 119 138 83 798 2 670 
0 1762 1290 1419 4848 2 1865 2570 2 759 1805 885 306 1524 3989 3045 
0 4958 
0 143 1469 4950 1786 
0 1621 4164 3349 775 1847 175 185 149 
0 82 343 614 63 731 
0 146 1399 332 4951 
0 109 274 
0 1206 1739 267 2688 4952 76 
0 2821 429 4377 
0 733 588 815 105 119 4953 2196 34 57 503 70 
0 53 94 16 1776 1875 4603 
0 4954 1743 2 812 
0 95 5 
0 473 4955 94 95 1433 647 4800 
0 254 
0 869 2 146 4781 
0 93 
0 4840 
0 1414 731 1710 435 434 146 
0 847 759 
0 20 2291 4956 1096 
0 1748 1421 1678 107 158 185 141 614 379 141 
0 1447 107 158 43 48 1535 129 560 5888 1005 1549 4957 
0 4958 4958 1846 
0 1717 364 
0 921 4959 4960 4793 249 1677 290 1655 2 613 
0 759 1717 1499 16 474 614 1625 16 4685 
0 59 1028 2 1698 20 1824 1052 121 944 
0 4800 94 95 4961 
0 2350 20 496 48 3643 4962 
0 4603 1454 830 1415 4963 2 1415 343 1694 264 2 146 121 
0 109 27 
0 302 1668 
0 146 4964 
0 4781 1052 288 1290 1419 
0 830 1067 
0 759 435 947 48 1415 
0 138 133 108 1583 4965 2498 1421 1809 
0 191 
0 4966 
0 53 59 16 1430 1447 16 1413 1134 55 56 293 1096 
0 2350 
0 150 175 759 288 
0 16 20 
0 1467 1614 4967 
0 971 5888 1223 83 944 
0 6 2 7 121 4968 
0 4969 1805 4707 4970 288 4867 
0 1738 121 1730 
0 4824 759 
0 106 1800 1772 731 1463 14 158 
0 274 1787 129 2534 20 1421 2828 
0 243 1905 1655 306 1554 38 
0 1746 1623 369 83 1549 1550 125 
0 1484 
0 369 3379 399 
0 759 297 
0 51 82 353 149 
0 1986 2834 43 149 647 2 379 16 1626 1583 754 
0 2350 4971 
0 76 1421 1779 83 4788 2087 731 
0 296 76 
0 13 1821 31 83 16 125 63 27 1798 297 
0 210 581 31 
0 20 125 86 86 119 20 4973 64 472 4974 69 210 16 1343 27 
0 2 59 31 238 242 196 63 4975 
0 507 272 2 4976 4977 3051 242 24 4978 361 830 197 76 48 731 433 1447 
0 4979 4980 1485 4779 
0 142 16 388 
0 2360 1772 2 476 106 1710 16 1626 1862 1357 435 
0 83 1634 2 284 108 121 20 1432 106 670 
0 27 2498 156 4603 
0 130 34 
0 1761 1456 5888 76 265 125 1608 
0 429 4377 332 16 4788 4176 
0 1415 4818 4981 
0 284 1231 1639 2 157 31 2 14 16 158 
0 1401 94 16 608 1730 327 1623 
0 812 
0 1877 16 1772 121 507 20 4982 
0 2 1223 16 383 1399 
0 36 2045 121 1650 
0 1415 
0 4983 721 
0 1748 1500 4891 76 590 921 353 1628 
0 83 43 4984 
0 1748 20 289 76 431 175 459 108 1881 
0 1650 1415 16 4985 4675 503 20 242 
0 733 2 812 16 
0 1597 24 2 996 31 16 
0 1882 1485 731 
0 733 936 2 51 119 297 43 2746 2 16 
0 830 1730 
0 4894 4986 
0 210 59 343 384 43 16 175 369 
0 129 2 2 149 2 4987 1271 
0 1744 830 1415 4963 
0 94 36 2887 76 4382 204 20 4769 
0 142 59 1430 121 24 1399 332 4988 133 
0 1279 31 
0 39 941 106 588 
0 697 4989 1433 4990 2 146 
0 3322 361 16 76 
0 4991 1421 
0 150 141 63 2717 108 
0 3322 
0 1524 4992 15 
0 1535 34 4993 332 498 1421 134 
0 109 16 1485 4779 379 
0 1467 867 1430 
0 76 2045 4994 1182 4995 4996 
0 1202 121 3608 130 554 
0 16 328 4997 82 16 4998 4999 147 
0 84 379 4446 11 2228 1569 748 5000 324 31 
0 2549 5001 121 560 561 1612 2187 3322 2215 476 5002 2240 64 2006 5003 
0 436 7 11 2 
0 356 1747 2253 1533 2913 53 82 5004 1007 332 
0 435 716 
0 16 649 2030 
0 431 1944 288 2615 337 16 1623 1971 862 
0 2023 1577 157 95 
0 5005 971 288 204 1567 641 
0 101 1536 399 
0 16 2137 288 293 5006 
0 455 811 59 16 5007 288 16 4929 2005 4729 83 16 2006 2915 507 209 293 1550 2 16 2005 1782 
0 68 649 1307 
0 52 76 5008 119 142 272 2 1668 673 5009 377 608 70 24 5010 
0 119 191 
0 119 476 2155 5011 1895 
0 1025 3175 36 121 39 2647 5012 2436 896 1344 5013 191 
0 1982 2724 191 2030 5014 
0 815 1666 4453 5015 1126 728 431 5888 111 1972 1103 226 1535 265 
0 119 76 1841 36 2 369 76 84 
0 3598 5016 830 2 1691 1805 343 716 5 24 61 1535 
0 1028 5017 5018 
0 119 2695 1749 55 141 129 
0 3322 24 
0 141 472 372 121 16 464 76 741 5019 16 5020 
0 94 16 472 5021 3630 5022 5023 
0 94 1411 95 2781 11 1533 2 138 11 
0 472 5024 20 5025 
0 1674 3840 5026 332 2000 361 2358 36 2 454 82 1546 1936 119 1546 2724 306 
0 327 2031 293 
0 2031 2793 288 141 2 1805 11 355 5028 
0 5029 121 16 1174 4018 119 996 936 2 5030 
0 27 1580 343 716 175 1102 
0 5031 1485 761 264 5032 5033 208 529 79 80 159 2689 24 5034 2723 5035 5036 
0 5037 
0 94 352 1983 82 43 
0 741 43 191 289 
0 5038 185 5039 1180 5040 1524 4767 2 602 5041 5042 24 332 
0 2240 2009 1553 5043 5044 
0 2030 476 16 5045 2137 
0 5046 3717 
0 4800 
0 72 5041 119 130 69 24 16 
0 16 716 16 748 395 210 401 242 
0 2543 76 590 996 257 3921 24 3386 152 602 130 928 1880 16 5047 220 
0 590 4767 76 2 90 1668 
0 2559 5031 
0 121 2486 5048 289 16 5049 
0 5050 245 102 
0 63 290 4242 1546 11 2 5051 5052 5053 2817 2293 2027 296 
0 20 143 2000 188 5054 16 1623 2555 5055 5056 
0 1748 83 108 85 76 1551 16 2202 2543 
0 94 95 1357 5057 5058 5059 5060 24 210 1004 1938 476 1486 2 5045 76 4726 955 31 
0 94 1458 24 76 191 2 94 5061 328 
0 16 5062 20 204 5063 453 
0 24 16 4248 
0 1093 76 2000 565 2 
0 210 2811 2 476 602 1028 2732 379 4942 
0 1007 76 617 43 492 76 1201 5064 602 220 238 
0 5065 1906 129 1623 1857 175 2 34 431 3598 1041 24 94 1399 778 138 
0 5066 150 16 4986 
0 4840 5067 693 281 76 185 674 121 436 24 2488 2491 11 2629 
0 138 2716 1040 2659 5068 5069 121 95 5070 2106 
0 156 1430 24 282 83 108 16 1485 76 1888 43 5071 
0 16 716 748 175 16 330 156 5072 868 82 5 
0 5073 121 4360 979 
0 16 2164 1982 296 1945 5888 5074 1559 
0 83 431 293 5075 3481 16 4426 175 24 
0 16 586 586 
0 2240 2350 5077 
0 3225 210 5078 5079 5080 
0 1312 36 
0 2543 
0 95 4773 
0 1865 95 43 
0 4958 
0 5888 716 16 748 20 5 20 
0 542 76 
0 400 156 36 
0 94 95 11 
0 53 129 401 16 5081 11 16 3297 2 284 478 31 
0 1857 
0 143 265 129 2 16 36 
0 617 2117 121 138 332 1885 5082 11 5083 4809 5082 
0 16 121 5077 2000 16 4847 2444 973 2594 5084 39 2659 119 2048 899 24 5085 16 1430 224 121 2967 
0 2733 16 5086 436 352 76 2019 2722 119 77 352 53 943 56 2814 5087 
0 582 48 2549 2 4329 429 1567 16 5088 5089 1645 5090 
0 5091 288 602 593 574 59 16 435 716 2 5092 
0 361 416 1228 5093 5094 1567 5095 5096 2027 
0 281 24 16 2350 
0 95 3019 1433 
0 51 5097 
0 5098 5099 1308 121 5100 1893 1958 1446 
0 1982 2088 296 
0 94 16 
0 844 4393 
0 1979 147 5101 994 
0 1986 885 3877 306 1956 5102 2 5103 
0 48 476 27 1865 5103 
0 648 94 16 1445 5104 5105 
0 16 3194 5106 1645 5107 
0 1407 5108 
0 53 2343 125 296 76 332 
0 376 76 
0 352 43 2 
0 5109 332 5499 
0 94 108 
0 119 233 245 76 2 5110 1306 1816 
0 119 367 16 1412 2555 
0 1028 
0 367 141 141 
0 363 210 758 
0 143 265 16 748 2543 1645 2467 1485 4779 
0 1042 53 2053 4513 111 5111 769 2253 647 76 2388 
0 1805 106 16 34 24 134 16 5112 2577 5113 5114 50 185 
0 5115 996 16 1250 175 2 602 
0 5116 2 2228 76 5117 111 
0 2657 2882 1982 1747 16 4984 
0 1299 5118 16 1440 5119 2652 1974 388 
0 94 2235 2090 5120 1888 
0 2596 1553 5121 
0 16 5122 5123 82 16 5124 549 24 16 5122 5125 2852 
0 4446 5126 1469 2125 332 5127 5128 5129 
0 356 191 1995 94 1857 121 5130 545 82 5131 5132 2 5133 82 3922 5134 5135 1830 
0 2243 2 1485 411 5136 16 5137 245 363 
0 2595 83 16 5138 583 5139 
0 1748 3429 602 2882 1865 2751 1875 2116 1553 296 2364 3012 5140 5038 16 2882 67 399 5142 1122 
0 281 24 16 2794 282 69 130 34 728 76 5143 5144 2882 327 857 
0 1751 142 1747 24 5070 
0 5145 588 82 1857 
0 175 
0 191 4958 
0 5888 5146 2793 210 129 
0 119 109 83 5147 693 
0 2000 
0 476 70 53 306 2064 332 857 2 119 2053 95 
0 53 473 5148 5149 2377 48 1004 16 504 
0 5150 297 
0 1747 2500 2910 2121 5151 741 5152 5153 76 5154 2508 
0 95 705 146 76 2337 5155 24 
0 4840 16 76 191 5156 
0 693 4958 1944 83 141 5156 
0 2793 
0 1943 53 76 
0 819 
0 1944 
0 5157 2999 191 
0 1551 4869 
0 119 1938 5158 
0 107 31 2312 4516 
0 84 109 733 2 121 
0 53 2 14 20 741 728 16 2853 2217 245 1007 1969 
0 2570 51 24 
0 1865 811 
0 5159 290 5160 1344 158 
0 106 24 2255 143 129 2 
0 2357 5161 2582 
0 27 55 76 141 129 
0 2240 
0 476 2234 5162 210 444 2498 647 
0 5163 1865 
0 1906 31 
0 103 5164 507 602 
0 16 549 149 24 20 1595 76 996 5165 2 20 4040 
0 119 106 665 5166 5167 2254 119 1936 16 5168 2031 5002 1982 16 330 5169 5031 2793 63 34 5888 1524 16 76 431 233 2670 5170 5171 5031 399 
0 2 1126 996 850 11 476 2460 27 4040 2106 195 146 2 733 83 431 589 4841 2549 24 2384 2252 2 733 83 589 
0 141 5172 5173 5174 4024 1816 5175 5176 119 5177 2621 191 36 
0 647 5070 245 147 2338 
0 5178 1893 5179 5180 2793 
0 2350 
0 5181 2350 5182 188 1595 57 5183 5184 43 76 1862 4301 1830 
0 1126 76 175 
0 2 16 2121 5002 
0 1134 602 119 1093 24 306 
0 24 2866 982 1357 3283 5185 3077 191 43 
0 16 5186 741 76 602 188 1904 245 16 
0 175 5187 5188 5185 344 109 928 433 4835 158 
0 1312 2 
0 270 11 476 554 
0 119 43 191 141 208 5189 
0 119 5190 5191 476 830 2 83 2 562 1898 2350 
0 191 811 
0 124 27 2793 121 5192 5193 480 
0 51 82 296 
0 476 53 72 602 
0 5194 
0 388 76 2190 996 257 300 
0 2312 1102 69 129 2 4269 1411 352 4773 
0 83 2332 11 83 3959 1128 1299 372 
0 5195 5196 142 372 
0 156 36 233 2027 
0 94 16 474 857 2549 2 431 5070 119 728 356 
0 1007 3152 2 1612 2204 63 431 1464 119 191 296 
0 53 78 1042 191 
0 472 5008 2534 857 5198 76 2405 2882 1091 4661 5103 1042 90 43 20 602 82 5199 175 
0 2819 309 36 3501 245 399 69 2 4271 1623 327 5086 
0 83 602 138 5200 83 5201 296 1091 
0 130 34 76 1091 242 
0 64 24 133 289 57 880 5202 
0 111 372 82 593 133 289 574 24 647 5203 5204 238 108 16 5205 
0 4840 593 133 289 574 16 5206 2807 146 2 5207 543 5208 723 
0 210 59 1459 
0 16 37 
0 476 245 5209 
0 76 
0 613 11 949 5210 146 16 1626 2146 648 5211 
0 191 2717 
0 361 3288 2 5212 121 5213 1485 5214 2739 5215 
0 88 83 5216 296 583 121 1130 5217 761 2 1283 4927 
0 64 1471 1394 1404 812 2 295 2240 1986 2030 5218 2319 3431 
0 395 210 1669 3598 662 5219 
0 1038 90 31 16 5220 102 
0 146 5221 5222 3481 2724 2405 119 242 108 1944 16 1524 1343 117 95 5223 76 4209 24 95 875 4773 3500 76 90 83 288 16 5224 3424 16 5225 76 5226 5227 
0 400 857 
0 542 5499 1271 82 676 1126 24 647 119 1093 141 202 76 363 210 485 
0 16 5228 5229 16 2053 119 5230 20 201 24 2809 53 4513 1961 175 
0 24 2023 16 5231 175 363 2 265 
0 107 994 121 16 2751 646 759 119 503 14 158 5232 478 332 5233 5234 
0 332 94 95 1893 4683 
0 119 1944 476 76 778 3232 5235 5236 2350 1457 5237 2 5238 2009 5239 979 4130 
0 376 3936 117 5240 5241 43 5071 121 36 129 885 306 815 5104 
0 119 5242 191 618 36 602 121 16 2371 1260 2668 
0 55 20 588 728 455 542 
0 5243 5244 472 5245 5246 2493 
0 2240 5247 4947 1102 95 245 16 5248 2026 
0 206 109 16 
0 2741 24 68 979 5249 
0 196 43 2240 1411 5097 
0 1655 2604 2087 119 
0 2 5250 2708 296 5251 2 76 141 107 
0 146 76 1343 5252 16 2813 2 129 3177 
0 53 665 1394 121 56 2 5253 196 2508 
0 34 16 31 1299 332 94 352 5254 
0 141 119 602 3429 5255 1727 3322 
0 56 16 4706 646 121 436 1066 119 2240 
0 5256 5257 476 2264 5258 64 2437 
0 1938 2820 158 1535 1357 250 2646 2805 436 94 1535 1357 435 
0 119 2343 5002 76 3596 1218 761 
0 2579 4960 4099 5259 
0 245 5260 2240 5261 5262 
0 2537 129 207 4099 
0 16 5263 5264 121 5265 67 5266 5267 5268 143 3039 5269 5270 24 16 294 431 5271 5217 761 4209 728 16 5272 789 16 474 4782 5273 4212 5274 3052 16 4623 1794 176 
0 476 5275 90 1857 
0 43 95 377 24 5276 90 5277 
0 778 5278 2030 76 16 3876 
0 1857 2793 5279 5280 1471 34 2534 158 16 815 3198 175 
0 5281 121 119 43 
0 2793 5282 76 83 436 589 
0 82 987 2504 2 88 4929 1345 2000 5283 5284 5285 5286 5287 5288 5289 830 2 83 16 5290 5291 5292 64 13 24 5293 616 590 24 5294 76 11 83 108 1343 
0 2559 5295 43 204 
0 5499 1577 119 83 476 2559 
0 719 2240 5296 
0 1944 2882 210 238 16 2353 5297 1070 1357 5280 5298 
0 185 76 34 2 16 76 2659 5299 39 5300 5301 
0 2708 246 20 2105 5302 5303 1815 7 76 5304 31 121 436 4824 476 120 2913 
0 191 2542 5305 76 1535 24 580 2 5306 5307 254 
0 82 2694 728 1134 202 
0 82 748 478 1134 2 
0 175 
0 109 1747 16 1987 
0 90 53 16 5308 5309 5499 3474 2667 220 16 1640 
0 928 5310 209 2204 1954 95 815 875 233 245 76 
0 1042 111 5311 88 265 24 20 673 5 
0 5312 111 372 5313 88 265 
0 51 82 191 
0 210 109 1524 2533 415 24 149 2 2158 1458 408 
0 2364 5314 5315 608 76 24 1782 4622 11 5316 
0 1928 142 4958 16 2000 
0 2563 1343 88 16 815 5103 
0 5317 175 1668 288 2878 
0 602 5318 1440 5319 15 36 88 
0 1906 4683 5320 5321 2115 88 76 476 2298 157 69 2083 31 88 
0 2978 2769 5322 927 678 5323 327 16 4277 2119 119 16 5324 5325 2243 16 
0 583 5326 5327 5499 5328 5329 142 2533 40 2397 5330 288 5000 141 1655 16 1652 
0 288 117 5331 14 5332 3726 
0 379 5333 317 24 5276 472 5324 5326 
0 53 76 830 16 415 16 1430 142 5334 121 16 5335 146 966 1038 5336 1648 
0 1657 778 16 2634 2088 
0 2929 2160 16 2159 4248 
0 94 847 56 290 2 1134 
0 119 83 16 67 2929 4769 
0 149 94 830 5337 5082 5337 608 2 5338 1471 
0 5339 121 5340 5337 5341 1128 560 392 24 812 5342 2972 5343 5344 
0 238 2385 4216 5345 55 90 43 1888 24 1607 5346 
0 94 95 815 
0 5347 1865 994 
0 5348 2285 5349 141 16 2285 954 433 16 5350 5351 4699 1875 5326 
0 5352 2045 76 1614 3655 676 106 94 971 2591 31 94 
0 143 94 306 3019 369 24 5062 
0 265 83 
0 191 
0 16 1684 5206 16 16 455 
0 16 1350 2 2000 5353 2426 83 16 549 24 16 415 
0 143 
0 2350 119 2 2431 5354 967 5355 
0 4412 1134 121 2240 676 288 1979 4358 
0 16 208 4859 415 
0 204 5206 5356 5077 106 3743 76 14 127 1031 242 728 2384 1618 16 5357 2364 16 1485 5358 
0 2053 2594 5359 142 5499 4788 5360 3274 5361 862 56 2 2924 
0 5352 2543 24 
0 2502 1857 
0 90 4822 
0 141 111 4800 1584 1747 2597 5362 
0 5363 130 24 635 1577 117 
0 2500 1666 1857 
0 5364 3489 5365 43 191 1857 
0 2 5366 108 5367 16 2350 83 2027 76 78 5452 5368 
0 64 2 602 1535 436 2 95 5101 2350 5370 5371 
0 5345 288 2350 1979 323 233 5372 
0 76 3152 2 16 5373 2367 119 76 281 76 2 1875 2813 4040 5499 1559 76 5226 5165 
0 5375 5376 5377 2064 117 43 111 5378 106 5379 647 2005 4729 1906 1577 48 1621 
0 121 5380 5381 149 361 4513 5062 436 2 1540 
0 1971 5382 5383 
0 3580 24 119 142 24 1412 5384 647 5385 36 288 2176 2025 
0 1748 117 94 95 1571 1944 11 2146 2 2627 108 
0 5386 120 5387 
0 297 2 5388 4287 5389 5390 76 16 1567 629 
0 191 1747 2106 
0 3225 16 2 34 306 245 
0 94 95 117 2 284 129 24 149 
0 476 106 543 88 108 94 95 870 3841 111 1655 928 175 1364 971 5391 
0 4723 16 5392 4869 
0 1093 94 476 16 2915 2 
0 647 5393 1004 778 16 1271 
0 2593 1982 2534 5394 5395 5396 76 4991 2 1995 478 
0 69 2 5499 16 5397 57 1102 733 936 2 125 16 5397 57 5398 56 588 
0 94 1299 95 5201 365 4782 
0 143 16 296 
0 109 476 296 76 143 16 455 76 94 78 16 24 4801 4802 
0 2 3370 121 3147 5399 
0 24 2381 48 4760 121 332 16 24 4801 4802 352 119 
0 1982 191 1857 
0 191 4991 
0 110 1411 5400 
0 94 142 830 5401 24 2 83 5164 
0 175 602 5402 2006 1750 
0 5403 602 
0 20 1906 191 613 31 
0 1498 2343 1454 5404 5405 2489 2634 5406 
0 5407 297 111 1956 
0 5452 43 1841 
0 56 76 5408 5409 76 617 210 36 119 5410 
0 2 274 2 5411 464 5412 
0 21 5413 1857 210 476 1964 
0 1747 306 815 11 2491 431 5414 5415 146 2405 16 649 5416 2 27 68 27 76 16 5417 5418 5419 257 
0 68 27 82 1944 
0 476 1621 834 662 175 5420 5421 431 1524 1799 601 5422 
0 4687 191 31 2 5423 5424 5425 4417 141 
0 7 5426 5083 5427 
0 63 191 1447 1351 
0 94 5223 5428 141 233 1828 359 383 496 24 5429 5430 1461 141 76 34 2 111 85 5430 5431 253 5432 2 209 288 2 
0 16 333 2 363 2 107 31 11 5433 2732 5434 
0 417 1580 191 76 875 
0 191 53 284 143 
0 16 4929 118 5435 5436 2030 1485 2319 
0 16 1399 593 5436 574 
0 1674 188 5437 5438 16 3235 43 402 175 
0 16 82 352 191 16 5439 2 88 5002 
0 1857 69 
0 119 69 503 16 705 3481 69 5440 134 328 24 518 69 1430 
0 291 16 1350 
0 4394 288 21 
0 141 5888 88 175 
0 88 2667 121 2203 338 1344 359 2 518 233 76 472 158 1808 5441 
0 5270 5442 3147 9 5443 338 289 138 2000 
0 130 941 306 4917 2745 472 3147 24 1567 
0 175 1800 2017 1655 2 941 844 157 1597 16 3876 4958 88 
0 1982 3147 2000 
0 811 204 2 1698 
0 1313 208 37 5444 641 119 293 16 2 306 1645 3928 5445 94 
0 1821 1509 51 353 
0 996 43 405 
0 2534 175 141 293 107 
0 16 5446 647 78 238 2 787 60 
0 76 1698 5447 5448 175 5449 16 
0 4929 24 1584 76 191 2215 16 5121 415 141 111 
0 16 5435 5450 16 
0 1459 1580 11 5451 175 
0 5452 5452 5452 
0 48 5453 5454 
0 352 388 94 
0 76 24 202 
0 64 95 24 436 2367 
0 3012 245 16 1761 5455 5456 693 1945 5457 1193 5458 
0 109 5459 5460 24 
0 1120 43 5461 
0 181 5462 
0 788 5217 761 76 191 5014 5077 117 107 24 1056 
0 1004 83 
0 16 3981 90 2 
0 291 16 76 191 90 480 
0 2449 3733 11 1230 
0 76 2910 24 11 306 5463 2 
0 5464 1580 141 202 175 
0 1485 4869 265 2088 1944 1982 4726 2216 1666 1830 353 
0 5452 43 1841 
0 5465 739 2563 5466 5888 24 601 
0 1944 288 1394 76 1423 1126 5467 5468 5318 31 83 57 90 24 815 5 2216 1666 5469 106 5470 2 5471 5472 16 5473 1085 106 1279 429 288 16 5474 
0 2549 43 5475 4841 1982 1857 5476 2243 143 82 647 4735 1394 16 5477 5478 3757 2 996 1459 191 344 82 306 2 2158 5479 16 3084 199 2 5480 2620 5481 
0 5888 141 601 
0 3322 2246 210 24 2604 5482 
0 67 3012 24 94 352 82 2215 5483 352 82 290 4513 1861 1357 2955 2486 189 
0 175 
0 141 5888 208 1971 265 
0 3550 56 2 83 16 5484 288 2069 1201 2570 141 2 5499 191 16 208 5366 
0 141 5888 265 
0 503 733 2 34 
0 67 3012 24 
0 361 76 900 141 1126 83 353 
0 2793 
0 2240 2088 5400 
0 51 
0 94 16 1559 4788 2700 4209 24 76 16 436 5486 5487 5488 129 185 16 5489 16 1982 5490 
0 5356 5018 16 175 
0 24 2023 4760 121 
0 142 1982 1944 4788 
0 43 15 949 759 43 15 5491 1134 2 602 43 15 5492 1369 2161 2 53 94 637 5355 16 2384 121 16 582 119 94 
0 364 
0 5493 296 
0 1982 1134 121 1411 95 11 1530 108 24 
0 51 5494 5495 27 364 5436 11 191 5156 296 
0 109 4360 1524 399 76 
0 63 94 3012 
0 210 16 5496 3509 728 138 3012 
0 5497 5498 191 5156 
0 1944 141 68 2735 5054 265 5499 5499 153 24 787 
0 2405 2882 153 
0 1944 7 5500 2216 2113 4735 
0 733 2 16 2929 5501 2092 2027 2137 297 5502 
0 1042 141 68 1656 1986 5503 265 24 20 673 5 
0 16 1485 5504 2319 5505 
0 5452 43 306 1841 
0 43 306 1782 293 2698 78 302 121 2699 5506 127 
0 5452 43 1841 
0 56 109 928 24 408 1854 109 16 415 
0 3518 5507 1469 601 196 217 1674 5508 5509 5510 5511 435 5512 24 5513 2629 
0 361 16 
0 141 111 2543 2027 288 5514 4934 332 1134 1920 24 16 2543 3124 
0 1982 811 180 130 2340 5515 5516 5517 
0 94 2579 24 1529 2113 2350 
0 2312 5391 149 175 602 5518 
0 1020 476 175 
0 141 191 297 2 1964 306 815 
0 954 1655 629 11 476 5277 2741 
0 119 2 363 
0 141 111 2543 5018 265 
0 5519 5520 293 2820 2 5521 5522 
0 542 
0 141 5888 5059 5060 1454 2931 343 119 327 76 
0 2319 34 1716 476 16 815 
0 1407 851 76 363 210 265 4869 
0 83 
0 2240 602 4947 5517 328 15 8 288 16 775 76 
0 117 2 2555 5523 130 
0 565 121 5524 156 
0 1982 472 2030 
0 3619 5525 850 245 
0 1982 1944 
0 1857 
0 2 602 
0 76 1471 1394 5526 1956 974 2 369 53 16 971 1591 245 2700 5384 415 
0 16 436 43 149 
0 53 1944 24 778 16 78 76 79 80 4999 1668 288 5459 971 3225 
0 141 274 2 5527 721 5528 3198 24 5529 5530 3536 5531 141 297 4955 
0 53 5532 24 769 5164 2121 4707 2793 1404 413 2 2579 121 175 
0 152 34 16 2243 5533 82 16 5017 2842 5534 5535 
0 130 324 31 16 1528 
0 191 34 602 5536 59 69 980 158 
0 4840 306 4002 24 5537 834 379 16 5538 
0 24 16 1343 4767 
0 3551 
0 24 293 16 2813 2 5539 4040 16 2159 
0 5540 
0 3033 3234 191 2522 
0 361 34 4516 274 20 153 3050 
0 5541 620 76 2047 
0 4776 210 70 83 108 175 284 1058 16 5542 
0 129 242 
0 3365 95 344 109 265 109 2 27 503 108 5543 5544 
0 5545 332 156 84 76 2384 253 
0 948 332 95 870 5546 5547 
0 3077 16 436 24 1052 
0 1580 175 55 1912 
0 43 
0 5548 5296 
0 130 401 16 917 
0 5888 3141 5549 
0 1052 3065 83 2312 296 175 107 2 3038 
0 1052 
0 94 16 1652 830 76 5110 728 76 3265 1865 
0 818 5550 4951 121 431 5888 39 166 5551 
0 153 
0 4958 1128 1824 588 429 2 518 141 106 1824 758 
0 2383 1603 5553 24 3403 16 1411 4446 5201 16 3020 
0 2525 3584 2525 119 5554 5555 
0 43 68 143 2 5556 20 2133 220 2 5528 
0 34 205 130 941 5557 4266 5558 
0 1052 5559 
0 59 987 4674 2 34 5560 647 352 245 4198 5561 
0 1007 78 56 76 332 548 5562 119 146 20 5563 589 
0 5775 327 5097 662 
0 343 175 1824 1052 
0 94 36 24 76 2312 6025 16 2836 3293 129 2 2681 1650 
0 107 117 16 982 290 1365 233 337 2 917 2 731 108 
0 324 24 16 57 5564 2691 343 233 94 627 
0 2411 3030 4822 
0 2669 3011 1471 4140 82 620 16 2164 5565 2 5566 16 5567 57 
0 4266 2 3166 5568 83 3006 2450 5569 
0 24 2357 16 2269 4800 3117 
0 130 2 936 192 5570 220 48 130 265 1380 1369 24 1865 
0 27 5571 5571 2 1538 58 
0 48 130 129 1865 
0 815 3080 677 4412 3370 5572 76 
0 43 68 5573 674 24 1357 713 736 76 1278 
0 156 
0 3124 
0 1524 936 2 415 108 16 3078 119 
0 299 36 90 125 5574 16 649 4800 
0 191 56 272 2 2492 5575 265 627 106 3380 5576 
0 5888 1052 2 1849 119 76 68 454 
0 5411 3013 1747 16 1343 
0 4822 16 3870 16 1041 875 274 2 175 1271 48 43 76 
0 812 
0 5544 4929 
0 1852 
0 1553 94 233 3020 72 2 3171 43 1880 16 579 24 
0 3065 1554 11 41 5577 473 
0 20 864 627 463 117 3322 121 1052 
0 1182 3121 36 5579 2759 3033 2 
0 3003 13 209 369 129 429 1052 1553 
0 1052 16 436 1938 76 2492 613 39 1258 107 24 16 2924 
0 343 1859 429 
0 602 3065 1312 16 67 2125 2 233 3038 916 
0 5580 1854 24 5581 
0 5582 76 107 121 5583 
0 4840 1404 3081 3283 5584 332 51 713 5583 
0 107 242 101 1454 5585 503 1405 
0 5452 43 1841 
0 129 94 53 90 
0 130 322 
0 142 713 5586 5587 5588 103 5709 620 
0 1457 1231 16 158 2165 233 1271 119 3839 2 129 242 
0 1052 117 16 67 2 5589 
0 103 1995 94 1861 121 95 141 917 2 59 713 
0 3015 1411 95 3167 3166 2724 472 4822 3015 94 95 5590 3167 
0 108 2 322 5591 
0 1042 5592 
0 647 1655 119 245 210 
0 106 20 713 736 141 207 
0 84 5593 204 1033 494 24 2905 3111 5594 
0 3 7 5595 472 2717 
0 130 5596 11 2312 5597 
0 3186 3016 159 
0 3 117 1454 5598 149 150 175 1380 1862 728 
0 5888 265 
0 1404 16 158 43 
0 53 76 1081 130 88 108 16 949 84 119 233 1642 1808 290 1081 5599 4850 
0 82 69 106 76 107 306 175 50 
0 48 129 242 
0 647 721 1580 1067 
0 5600 3113 1647 5601 59 16 583 5600 4687 21 4347 1471 2 
0 1052 16 649 1747 
0 3408 5603 5604 5605 5606 5607 5557 3359 719 94 2449 43 3038 
0 5608 129 31 2723 665 3031 107 24 
0 364 1071 830 3167 11 191 
0 2615 142 5609 
0 53 830 63 758 1652 121 5610 5888 372 1347 39 
0 713 16 3349 3350 34 16 900 5611 76 1279 1766 1430 4908 400 503 
0 53 3225 2 5709 
0 1743 27 5612 5612 1805 27 5613 516 1805 27 3076 5614 2449 3052 
0 53 69 3052 302 84 53 48 129 242 733 1865 
0 4958 175 
0 175 1642 3020 64 94 95 5201 
0 1278 364 142 5210 4765 1071 
0 233 2670 27 210 1312 2 627 43 1865 
0 968 59 2 987 2 107 31 43 141 377 
0 664 2700 5384 1052 1614 95 1749 2 88 3811 20 2723 48 129 242 
0 94 352 5615 82 627 94 
0 1551 143 76 59 20 552 2 1865 332 83 111 3348 1451 76 5616 2312 
0 5617 5709 53 3225 
0 2660 2023 3167 
0 24 245 16 474 1413 24 265 5618 1415 3440 2133 
0 1052 108 2 5384 364 
0 16 1645 5619 873 3058 5620 3322 
0 288 5621 5622 3228 1316 119 476 288 5623 3050 
0 143 1865 
0 820 156 4822 48 34 76 1865 
0 1052 117 
0 369 3080 16 369 3020 
0 76 129 353 4335 5624 
0 16 716 109 16 3057 210 3303 175 43 402 
0 542 2 5625 121 20 5626 5627 119 20 864 3322 121 
0 343 716 130 34 364 1288 233 15 107 24 510 
0 191 56 1004 
0 3 24 3351 3322 48 242 117 332 16 1842 2146 
0 220 129 24 2 1004 16 1906 56 76 20 175 627 43 3168 3015 220 5499 16 1271 
0 130 1865 48 3171 43 
0 302 1668 288 3024 3203 5628 5629 
0 3133 713 210 1042 5630 3133 24 76 3424 1042 15 
0 2543 
0 5631 5632 48 130 1805 5633 288 
0 48 130 265 129 242 
0 36 2 129 242 34 674 1052 48 130 812 
0 69 713 16 1491 616 5634 76 107 31 5635 
0 130 129 242 
0 69 2 2579 332 69 2293 343 39 
0 6009 5636 
0 2543 2 31 121 
0 778 16 2243 
0 2543 39 2031 111 4567 
0 365 3910 1904 245 34 
0 2243 
0 4551 424 233 1591 
0 377 20 172 4735 581 31 16 608 21 83 5638 5639 56 
0 5640 1052 
0 142 3004 885 16 851 5888 3004 265 
0 129 2 971 130 306 3020 76 2492 16 320 3057 676 949 5641 
0 106 20 177 34 402 69 3109 34 69 16 474 428 
0 1258 3194 2 1652 121 13 910 1288 5642 1853 
0 51 
0 149 3097 43 2146 4964 133 4108 191 5156 5643 
0 3015 34 16 3015 1524 3322 
0 94 352 82 
0 5644 352 2216 4773 
0 2011 1042 5888 24 94 2449 
0 1995 1805 2694 108 
0 2350 
0 16 57 424 1096 24 16 927 3018 32 
0 496 16 201 5645 121 5646 5647 1279 4110 2929 201 5648 3191 4590 
0 2 5649 1211 1184 
0 5650 1415 121 5651 5652 185 3081 5653 
0 78 59 987 4674 320 
0 600 4273 5654 3078 16 702 2789 5452 1880 433 577 2 
0 1930 721 1540 4822 
0 367 16 14 158 851 48 242 4687 665 759 
0 996 2 5655 119 191 
0 20 1486 3408 5603 3391 647 5656 
0 39 2414 590 76 5657 
0 2414 605 1351 242 5658 
0 5659 185 941 82 2579 5660 
0 2882 393 24 5955 
0 121 16 2312 356 
0 1447 245 1351 
0 3202 2681 4929 43 204 
0 59 242 20 34 426 94 
0 5661 1852 
0 3013 361 41 175 2492 4958 95 141 476 27 122 149 
0 48 242 
0 16 4847 3018 83 504 5662 120 
0 4847 90 4396 
0 1004 5663 1128 392 
0 916 16 4873 5664 
0 2350 
0 48 130 265 129 242 70 39 109 928 
0 4687 496 731 429 24 61 5665 
0 1966 141 1091 2 121 
0 16 
0 39 146 2 36 5666 24 2176 175 
0 5666 946 5668 1357 561 5669 320 5670 
0 1042 141 474 39 2 265 129 2 5671 
0 141 1299 16 4248 
0 1551 3322 121 369 43 5672 
0 2 16 5673 2 56 34 893 
0 5674 
0 1250 175 
0 1052 95 
0 59 16 436 1052 119 
0 108 733 2 627 306 5540 1408 503 4598 
0 119 361 1875 31 
0 1247 480 433 2 3038 16 1444 5675 1380 24 698 4955 5218 226 4210 5676 
0 5677 476 996 716 3613 1905 
0 733 2 119 185 175 143 121 
0 109 16 4769 76 
0 3065 16 6208 
0 2116 343 274 2 
0 130 107 1865 
0 713 16 3041 59 2804 63 1288 1805 
0 16 2159 869 5678 1485 3323 76 613 5679 5680 5270 
0 48 59 20 2723 178 4761 4927 
0 352 2216 
0 48 242 
0 1909 4862 868 82 1166 
0 5555 
0 143 48 129 242 770 50 
0 971 288 16 3080 5681 119 367 70 2633 1357 1577 
0 2813 
0 150 613 175 463 117 
0 3006 2364 5682 3006 3166 265 627 
0 367 1580 613 1312 
0 3280 5888 
0 143 48 65 242 2 5683 770 50 
0 141 429 2115 5684 210 146 431 3989 
0 175 117 
0 5685 16 924 5686 
0 1250 5687 36 1904 191 129 2 5688 3396 5689 873 
0 821 20 5690 3015 1071 
0 917 3375 2 885 2836 401 76 364 
0 5691 2 2462 3024 5692 5693 119 5692 5693 367 620 2047 
0 2011 204 
0 847 143 48 242 16 1028 175 
0 5694 5695 480 24 61 330 4958 784 5696 
0 63 5697 2116 
0 1904 627 5698 1459 
0 1551 1405 121 5699 
0 20 4735 5700 
0 2350 1052 
0 2147 3322 
0 920 143 48 129 242 94 
0 16 5701 5702 3064 
0 149 175 94 1364 191 150 
0 5703 147 27 16 1343 5704 106 4689 2656 
0 2 1681 
0 2350 1852 
0 1126 5705 249 5706 429 20 5707 5708 
0 53 94 5709 5709 
0 5888 5710 265 
0 5711 2 299 94 5712 3038 3148 
0 48 733 129 242 94 476 53 
0 95 129 2 627 76 996 431 2728 253 24 
0 476 16 48 480 121 
0 3028 16 649 2721 
0 1007 648 129 16 158 119 5713 
0 1748 20 2438 43 2866 2146 
0 56 233 3020 43 365 158 117 
0 5452 3265 
0 143 3020 5109 288 733 936 830 
0 20 16 4822 212 226 2383 1706 
0 185 435 2312 4951 
0 48 130 129 242 2 48 130 265 2 363 
0 1258 129 242 5114 1458 175 476 36 16 159 
0 16 716 1459 
0 1938 
0 5714 2146 16 5715 
0 3429 3547 69 369 1852 1128 233 1346 
0 5716 24 2 16 733 119 74 3322 
0 424 76 5717 5179 
0 1782 
0 53 90 3075 129 290 
0 185 157 108 20 496 1805 190 220 5718 
0 542 1126 36 369 560 5719 
0 844 188 3113 2522 
0 1553 5720 156 5555 
0 16 5721 1532 152 260 3036 95 3167 
0 34 402 2 5682 153 265 
0 34 1995 2925 119 108 2804 191 2 713 1805 987 220 736 
0 191 274 2 
0 48 627 94 1865 
0 1403 2 1803 5722 55 20 1061 24 435 5723 141 
0 473 31 16 1626 1625 1405 
0 3006 34 367 5724 86 5725 1071 4215 
0 48 34 288 117 770 50 
0 20 172 5726 655 
0 1887 936 1782 2723 293 417 2688 2 16 
0 48 812 
0 3006 3050 620 4822 
0 4800 
0 16 1601 4764 274 2 15 748 16 716 119 4667 106 108 129 117 83 
0 204 540 2 2006 1824 1052 2489 388 1852 
0 306 5727 83 16 3059 3006 245 141 
0 917 3191 175 3068 562 185 431 175 916 129 2 5728 34 141 257 
0 511 5729 
0 713 3015 2688 107 24 48 
0 733 2 129 117 463 16 5730 
0 185 16 716 24 1196 305 
0 627 117 
0 648 53 1071 1836 5731 
0 16 67 520 119 297 2 1936 
0 109 16 4769 
0 43 204 
0 48 129 242 770 50 
0 3322 713 5732 208 3101 5733 
0 36 3167 2 4782 1950 
0 3204 2681 5179 
0 1241 4929 5734 48 3221 108 
0 847 129 117 
0 16 3080 677 5452 4764 
0 5735 5888 265 620 
0 1052 3026 
0 3013 4513 175 588 2 245 
0 1250 3135 297 
0 1042 48 242 2 3370 
0 129 463 1052 
0 36 2 27 82 220 324 24 76 1655 2 217 119 1615 3322 
0 5736 
0 4691 2 27 48 130 242 117 1865 
0 5737 367 43 1067 1312 78 1655 
0 3133 76 107 31 5738 121 5564 5731 
0 1405 121 1606 3078 
0 24 3517 24 3905 5739 288 5740 306 2457 
0 2 233 
0 281 34 2403 3133 106 2350 
0 20 
0 53 8 129 94 
0 179 5741 5607 2216 
0 713 431 57 2025 431 388 5775 185 129 94 16 474 175 5742 2045 121 51 
0 16 4212 24 20 4543 1424 16 4212 
0 979 5656 1404 1995 1258 2 401 31 2 
0 5743 1413 367 141 5744 3265 48 5745 
0 1042 130 107 242 
0 5690 3107 142 979 498 
0 3204 
0 84 1028 2811 94 119 1028 830 2 2667 2 2312 5283 31 
0 48 242 
0 602 1067 5746 3022 34 5747 1852 550 5748 
0 2615 758 76 2407 2074 2407 15 5750 987 108 
0 1052 76 260 
0 406 5583 
0 119 1052 2088 
0 620 5592 
0 20 5549 369 4215 5555 
0 3033 43 2 27 293 815 2964 5751 
0 109 4760 1052 
0 818 3260 20 620 
0 24 16 5752 5753 16 1418 16 4964 1194 16 5754 
0 20 5755 5756 
0 4840 
0 233 3093 48 2140 
0 48 107 242 
0 554 736 5559 
0 1312 745 5757 16 1033 494 3004 76 90 107 31 16 5451 3064 43 5758 20 455 16 3064 
0 20 989 24 5759 43 3210 627 117 1007 109 
0 4929 
0 940 5760 
0 1004 138 436 3184 
0 93 1454 3015 3031 16 5590 5553 119 4840 620 1279 4446 4446 
0 16 900 107 31 2 53 86 11 476 16 2133 5556 554 2492 
0 1258 5762 83 2312 5763 2487 
0 1052 2350 1102 
0 5544 3518 121 5622 5544 
0 1085 
0 2350 
0 284 34 361 5764 
0 78 2717 108 
0 119 367 627 117 1865 
0 117 
0 1857 1052 
0 48 265 129 117 1865 
0 369 4958 
0 76 1067 143 16 474 36 1904 129 
0 1052 117 2429 43 204 
0 72 3080 119 996 5765 2 1067 2886 1058 1052 
0 413 16 5766 302 1668 288 5775 
0 1052 
0 95 141 43 3038 143 2498 11 1580 76 
0 1312 3375 119 1538 332 2312 1258 16 2350 254 
0 130 778 4822 647 442 1938 1388 8 2489 36 3389 3167 
0 5767 3022 721 
0 2804 16 201 1655 
0 48 242 
0 210 1093 4964 5768 
0 1966 95 
0 2 20 5176 518 5775 5769 5888 967 138 265 620 
0 11 16 1623 5770 1824 1052 39 254 2 260 42 5318 5775 1020 
0 1042 129 117 1865 
0 1486 542 69 3064 5771 3024 172 758 3064 364 
0 20 5772 34 5773 5774 90 1934 
0 1042 48 107 242 117 
0 5888 1052 24 16 507 
0 1033 5775 1033 1071 5775 2 1574 5776 602 3013 121 1255 1591 95 1585 51 5530 3204 24 5777 
0 2312 3117 1574 555 5778 719 245 1178 3117 1052 43 204 
0 1134 1271 121 435 119 1945 2 141 
0 5888 3080 265 627 5779 
0 2371 288 1403 
0 94 1555 306 3166 
0 3090 288 5780 1716 
0 996 16 5567 4849 1028 1485 24 20 3411 
0 1052 2350 4929 
0 1414 383 5781 917 11 5782 1414 175 34 5783 1485 3166 20 
0 82 435 428 4848 2 627 4170 
0 1052 1553 
0 185 1861 34 16 3038 
0 95 680 4824 3003 3077 1411 95 5784 2 647 3064 11 2364 3157 
0 3176 16 649 16 2479 43 3874 3138 
0 5888 3075 265 
0 1407 5786 2 16 3851 5787 
0 4513 4927 
0 1930 43 5788 971 288 109 4179 
0 968 4788 39 
0 20 713 3717 
0 185 4800 178 129 4927 3028 
0 48 812 
0 1459 1093 76 1403 5789 76 65 15 3006 121 201 1821 158 
0 2312 2813 5597 210 588 2165 1805 2384 76 
0 413 16 5790 53 506 3031 16 3078 
0 3412 121 5791 11 
0 2060 82 5792 5793 1344 
0 94 352 43 5794 93 
0 34 5795 117 43 1930 
0 401 16 2047 5796 3004 143 280 365 3186 119 95 
0 109 78 16 348 1908 5797 178 2 246 1050 297 673 577 
0 4691 2 27 48 129 242 770 50 
0 4951 
0 5798 5799 16 608 
0 1748 94 36 3060 24 5800 979 5731 
0 210 979 3064 119 332 16 2723 463 
0 379 2383 2 1640 
0 142 59 69 60 2 401 473 106 917 
0 141 2 83 16 43 3020 119 191 34 367 379 72 185 141 
0 4800 
0 82 5384 121 5801 647 2 27 43 
0 53 274 2 4929 5802 2350 1052 63 
0 5803 1782 27 
0 48 129 242 
0 2925 406 119 1299 1580 
0 1747 
0 5804 82 748 16 1461 3068 583 5002 
0 4760 107 117 
0 3166 156 5179 5805 5806 157 3083 
0 5210 2724 156 1441 3097 156 5807 119 627 117 1865 
0 3192 1857 
0 1042 24 16 5808 2 129 242 
0 43 476 121 5809 
0 306 5810 2106 
0 5811 1014 4822 3184 5812 
0 5813 5814 5815 5816 5555 1557 2133 429 121 95 3432 
0 16 649 439 3076 830 1747 3167 
0 3322 
0 4958 5544 
0 648 191 3123 3175 119 2358 143 43 204 
0 1278 43 361 56 1004 
0 3038 1647 142 4964 16 67 175 5695 13 41 1554 121 3003 
0 3082 117 2312 16 1930 1893 119 16 5817 5336 5818 3228 3240 
0 5819 1052 
0 3004 1033 947 20 3015 
0 119 63 107 242 1071 
0 63 107 31 4248 5820 
0 815 4248 3065 
0 20 864 27 69 476 5821 11 
0 2813 5822 5823 2 129 1647 16 4938 731 507 2492 191 2 2166 
0 53 665 713 435 308 574 143 1567 1824 1052 2 917 53 3014 11 5824 5825 
0 69 327 3322 299 431 2 43 69 
0 185 4140 1271 210 2 627 117 109 16 4248 
0 5826 308 156 2522 78 5452 53 3225 
0 936 2 83 16 1571 5827 
0 4360 95 48 129 242 
0 34 16 36 1052 288 1288 433 245 1052 1614 288 3020 
0 56 109 208 1652 82 119 48 242 5828 
0 3109 27 274 2 588 2 3280 119 274 2 588 2 124 5829 166 1413 
0 3082 36 
0 4840 1038 108 5830 121 3291 
0 1258 5831 1258 5832 
0 109 928 433 156 158 238 
0 56 769 274 2 
0 5544 109 34 
0 5164 24 3097 5750 463 
0 284 90 43 175 50 2215 5732 516 503 95 
0 2 474 2 627 76 1058 95 2327 265 812 2 2534 562 
0 1134 121 5549 647 5833 24 1532 195 2047 
0 1412 
0 84 6009 3402 43 119 1655 16 436 649 107 288 16 3020 
0 24 1028 3101 16 649 16 4992 
0 76 1415 4477 5834 16 76 95 5835 245 16 3093 2700 647 1540 1961 3184 
0 3024 106 5836 3 343 16 1249 288 5837 103 3128 1071 
0 1747 3167 5812 5179 
0 898 76 429 
0 5452 53 302 24 5838 
0 5839 3202 76 107 121 20 3064 5179 31 5840 4822 
0 4513 175 431 
0 16 58 43 3038 433 2 996 16 3 226 5841 24 69 
0 3305 1857 
0 70 3322 
0 143 78 3167 3234 1747 
0 4430 5842 129 
0 1551 1405 129 242 
0 2882 143 48 191 129 2 5843 3080 433 175 
0 63 53 830 20 5 94 5844 5557 24 5845 123 31 175 59 2 401 473 
0 2 34 778 288 944 
0 76 5846 129 1290 996 5847 
0 101 111 20 5 
0 2 27 119 4951 
0 2 4360 121 
0 4296 59 3670 
0 4940 2 37 4388 769 646 
0 470 372 
0 1982 5848 5849 741 2722 24 1535 1990 
0 4446 5850 5326 5406 5851 4823 1747 5070 2000 
0 2667 2 562 353 121 
0 2045 24 36 2887 108 
0 5447 2312 435 716 5852 5853 
0 5888 1567 2312 147 16 815 5854 2 2217 910 
0 3490 245 3509 
0 496 3433 16 5855 1676 5856 
0 76 5857 
0 542 496 
0 130 129 121 2739 496 1865 
0 4769 
0 4286 1454 158 
0 5858 2312 
0 454 82 4966 
0 941 16 4958 4286 645 
0 5859 2429 
0 372 5860 24 5861 
0 171 24 211 
0 20 5888 265 
0 1574 4964 5862 765 5037 5863 4964 5862 76 1972 76 5863 5318 189 
0 5888 265 1782 1574 5864 473 24 
0 302 117 
0 4929 119 1681 
0 4800 
0 4964 2 5452 24 3515 
0 1052 
0 5865 3807 5866 16 649 5867 5086 
0 109 16 5868 
0 5544 
0 5869 971 5888 265 302 24 1825 24 282 
0 4964 5870 
0 3097 5871 5872 5873 
0 5874 3608 5875 
0 5493 5875 
0 5713 
0 245 20 494 5876 
0 3013 
0 1574 3097 1857 
0 5877 3013 4800 
0 5878 
0 16 330 5879 1307 2 83 3063 
0 4800 
0 121 16 741 
0 5880 
0 5881 24 1574 
0 4800 
0 4684 
0 16 3194 
0 3232 
0 1052 
0 1681 1052 3057 
0 1857 
0 121 
0 5452 43 1841 
0 16 1250 2525 158 
0 5544 
0 5882 16 784 1411 5097 
0 5888 784 2 3455 
0 2350 1052 
0 4800 5767 1052 
0 5544 
0 16 500 2164 16 
0 109 16 5883 
0 5884 5885 
0 369 1574 
0 3097 191 5886 
0 1574 788 4938 5887 
0 16 4800 
0 5795 
0 191 1484 3280 
0 5888 76 
0 2350 
0 542 5888 302 265 
0 1580 1841 
0 1681 119 5886 
0 4800 302 
0 4958 
0 5889 5890 5097 4767 
0 16 5156 5891 
0 1052 5544 
0 1580 1067 
0 2350 
0 5892 5893 5469 
0 1747 620 3727 
0 1250 1747 2852 620 1553 5894 
0 1407 3322 
0 5895 16 2120 2549 2 1737 5902 16 2120 4288 108 
0 1005 2932 5896 5897 24 5898 1880 5899 5902 
0 3593 5900 65 16 5901 1135 
0 4329 108 379 745 5902 
0 24 5902 5903 16 1465 1357 16 5904 16 5658 
0 5902 16 5905 2 5906 
0 48 16 5907 2 2882 282 2 379 
0 24 268 2932 5902 5902 48 16 5908 
0 108 1620 5909 1553 3110 5902 24 518 5910 4382 293 769 5911 
0 5912 5913 
0 5914 1603 5902 95 208 1652 
0 4840 5915 1120 867 739 5916 101 2 4318 2133 817 225 
0 1350 95 141 5917 2180 24 301 5918 
0 16 208 4769 2 5919 39 2932 39 76 56 5920 
0 5921 284 108 121 5922 5923 
0 147 2 74 5924 
0 3535 1964 5925 82 2023 5782 1941 4386 3497 4634 
0 5926 147 5927 2017 282 109 5928 5929 
0 219 2298 70 5930 185 1237 1096 24 1061 3018 
0 5931 5932 147 5933 5934 1603 219 5935 3630 
0 5936 5919 288 219 282 5937 5938 
0 219 379 31 24 2723 1782 5939 
0 2205 288 5940 496 1880 2983 
0 1577 379 5941 2627 
0 4183 1620 5942 5943 5944 5945 5946 5947 5948 
0 119 109 5942 
0 16 175 5949 48 2370 2 3598 
0 101 16 5352 191 1134 
0 5950 121 1961 5951 5952 5932 5953 1447 1880 16 867 815 90 1180 
0 156 
0 243 4769 
0 76 156 
0 5954 101 
0 5955 20 129 1668 
0 1794 5955 1365 
0 233 644 
0 233 16 5956 
0 149 411 63 
0 2293 550 24 3455 
0 39 411 723 5888 1524 39 
0 2502 24 3097 16 1575 
0 16 1348 2552 106 733 2 
0 2 379 1415 1615 
0 5957 936 2 4033 436 5958 728 1655 5 
0 5959 5960 833 16 1553 4793 5961 
0 61 5962 4793 185 1995 24 1837 175 
0 61 4793 
0 24 16 436 5767 
0 1638 551 3487 4728 
0 1638 5308 106 3487 
0 1638 1747 1807 
0 1638 6208 5964 
0 1638 2350 
0 431 3013 392 5786 
0 431 476 5965 2 2549 2 159 121 16 2479 
0 3013 210 2032 5966 
0 3631 
0 3632 
0 5967 
0 5968 
0 5969 
0 5970 
0 5971 
0 5972 
0 5972 
0 5973 
0 5972 
0 5974 
0 5975 
0 5975 
0 5975 
0 5976 
0 5977 
0 5978 
0 5979 
0 5977 
0 5980 
0 5981 
0 5982 
0 5983 
0 5984 
0 5984 
0 5984 
0 5985 
0 5986 
0 5987 
0 5988 
0 5989 
0 5990 
0 5991 
0 5992 
0 5993 
0 5994 
0 5994 
0 5995 
0 5996 
0 5996 
0 5996 
0 5997 
0 5998 
0 5999 
0 6000 
0 2817 
0 6001 
0 2054 
0 4853 
0 6002 
0 4516 
0 4160 
0 6003 
0 6004 
0 6005 
0 6006 
0 5302 
0 4827 
0 1603 
0 5452 
0 1857 
0 869 
0 6007 
0 6008 
0 5919 
0 5180 
0 6009 
0 6009 
0 6010 
0 6011 
0 6012 
0 6013 
0 4174 
0 6014 
0 6015 
0 6016 
0 6017 
0 2717 
0 2243 
0 2543 
0 2200 
0 4760 
0 2375 
0 731 
0 6018 
0 1081 
0 2266 
0 6019 
0 6020 
0 6021 
0 4335 
0 6022 
0 6023 
0 6024 
0 6025 
0 6025 
0 3006 
0 6026 
0 6027 
0 6028 
0 6029 
0 6030 
0 6031 
0 6032 
0 1071 
0 6033 
0 2944 
0 4794 
0 6034 
0 6035 
0 6036 
0 4640 
0 2907 
0 6037 
0 2629 
0 6038 
0 5074 
0 5819 
0 6039 
0 6040 
0 6041 
0 6042 
0 1066 
0 6043 
0 6044 
0 6045 
0 6046 
0 6047 
0 6048 
0 399 
0 4873 
0 2060 
0 6049 
0 6049 
0 2938 
0 6051 
0 6052 
0 6053 
0 6054 
0 1821 
0 6055 
0 6056 
0 2195 
0 2451 
0 6057 
0 4817 
0 6058 
0 6059 
0 4774 
0 4843 
0 6060 
0 6061 
0 6062 
0 6063 
0 6064 
0 6065 
0 6066 
0 6067 
0 3427 
0 6068 
0 6069 
0 6070 
0 6071 
0 6072 
0 6073 
0 6074 
0 6075 
0 6076 
0 4567 
0 6077 
0 2640 
0 6078 
0 6079 
0 6079 
0 4582 
0 5655 
0 1607 
0 6080 
0 6081 
0 6082 
0 6083 
0 6082 
0 6084 
0 4520 
0 6085 
0 6086 
0 6087 
0 6088 
0 6088 
0 5686 
0 1348 
0 6089 
0 4964 
0 6090 
0 6091 
0 3322 
0 4800 
0 6092 
0 6093 
0 6094 
0 4885 
0 6095 
0 6096 
0 6097 
0 6098 
0 6099 
0 6100 
0 6101 
0 6102 
0 6103 
0 4951 
0 5545 
0 6104 
0 6105 
0 6106 
0 6107 
0 6108 
0 6109 
0 6110 
0 6111 
0 4937 
0 6112 
0 5597 
0 6113 
0 5480 
0 6114 
0 4998 
0 6115 
0 6116 
0 2957 
0 6117 
0 851 
0 6118 
0 6119 
0 6120 
0 4377 
0 2488 
0 6121 
0 5883 
0 5448 
0 1447 
0 1347 
0 5356 
0 5868 
0 6122 
0 6123 
0 6124 
0 6125 
0 6126 
0 6127 
0 6128 
0 6129 
0 6130 
0 6131 
0 6132 
0 6133 
0 6134 
0 6135 
0 6136 
0 6137 
0 6138 
0 6139 
0 6140 
0 4694 
0 6141 
0 5207 
0 6142 
0 297 
0 6143 
0 4489 
0 2732 
0 6144 
0 6145 
0 1888 
0 2570 
0 6146 
0 300 
0 6147 
0 1061 
0 1061 
0 6149 
0 6150 
0 5674 
0 6151 
0 6152 
0 2987 
0 6153 
0 6154 
0 1077 
0 6155 
0 5930 
0 5361 
0 6156 
0 6157 
0 1247 
0 6158 
0 6159 
0 6160 
0 6161 
0 6162 
0 542 
0 6163 
0 1130 
0 6164 
0 6165 
0 6166 
0 6167 
0 6168 
0 6169 
0 6170 
0 5279 
0 4958 
0 2027 
0 6171 
0 5694 
0 6172 
0 5808 
0 6173 
0 5313 
0 5663 
0 916 
0 1665 
0 6174 
0 6175 
0 6176 
0 6177 
0 6178 
0 5885 
0 6179 
0 6180 
0 5877 
0 6181 
0 6182 
0 6183 
0 6184 
0 6185 
0 6186 
0 6187 
0 6188 
0 6189 
0 6190 
0 4870 
0 6191 
0 6192 
0 4187 
0 6193 
0 530 
0 6194 
0 6195 
0 5044 
0 6196 
0 2813 
0 6197 
0 6198 
0 6199 
0 6200 
0 6201 
0 6202 
0 6203 
0 6204 
0 6205 
0 6206 
0 6207 
0 4161 
0 6208 
0 6208 
0 6209 
0 2165 
0 5436 
0 5014 
0 6210 
0 2180 
0 5383 
0 6211 
0 6212 
0 6213 
0 379 
0 6214 
0 5454 
0 6215 
0 744 
0 415 
0 6216 
0 6217 
0 118 
0 6218 
0 6219 
0 6220 
0 6221 
0 6222 
0 3479 
0 6223 
0 4634 
0 6224 
0 6225 
0 3598 
0 6226 
0 6227 
0 6228 
0 2193 
0 6229 
0 6230 
0 6231 
0 2986 
0 6232 
0 6233 
0 2493 
0 5338 
0 6234 
0 6235 
0 953 
0 6236 
0 6237 
0 857 
0 4665 
0 5554 
0 5395 
0 6238 
0 6238 
0 5156 
0 6239 
0 6240 
0 5676 
0 6241 
0 6242 
0 6243 
0 6244 
0 6245 
0 6246 
0 6247 
0 2019 
0 6248 
0 2191 
0 5306 
0 1962 
0 6249 
0 6250 
0 1260 
0 2348 
0 4286 
0 1691 
0 6251 
0 6252 
0 6253 
0 6254 
0 6255 
0 6256 
0 5002 
0 5849 
0 6257 
0 6258 
0 2332 
0 6259 
0 893 
0 893 
0 6261 
0 1422 
0 6262 
0 4176 
0 6263 
0 6264 
0 2721 
0 6265 
0 161 
0 296 
0 6266 
0 5109 
0 6267 
0 6268 
0 5186 
0 6269 
0 6270 
0 6271 
0 6272 
0 4707 
0 868 
0 5017 
0 868 
0 6273 
0 6274 
0 6275 
0 6276 
0 5708 
0 6277 
0 6278 
0 6279 
0 6280 
0 5053 
0 6281 
0 6282 
0 6283 
0 6284 
0 6285 
0 6286 
0 6287 
0 6288 
0 6289 
0 6290 
0 6291 
0 6292 
0 2691 
0 6293 
0 1821 
0 1061 
0 2180 
0 6294 
0 4207 
0 6295 
0 4207 
0 4235 
0 4570 
0 5663 
0 207 
0 3274 
0 4958 
0 4685 
0 542 
0 542 
0 411 
0 6296 
0 4847 
0 1738 
0 6297 
0 936 
0 6298 
0 4183 
0 6299 
0 542 
0 6300 
0 4488 
0 936 
0 399 
0 5454 
0 6301 
0 4360 
0 2721 
0 6302 
0 680 
0 6303 
0 4207 
0 2164 
0 4567 
0 6304 
0 6165 
0 1350 
0 6305 
0 4817 
0 2350 
0 379 
0 2243 
0 6306 
0 4734 
0 2660 
0 207 
0 411 
0 5002 
0 644 
0 2332 
0 6307 
0 731 
0 952 
0 411 
0 4940 
0 1096 
0 4598 
0 6308 
0 6309 
0 2348 
0 6310 
0 457 
0 4567 
0 6311 
0 2060 
0 6312 
0 104 
0 5308 
0 5639 
0 6313 
0 2121 
0 4207 
0 6314 
0 207 
0 5888 
0 6315 
0 4228 
0 4488 
0 542 
0 207 
0 916 
0 2662 
0 5597 
0 600 
0 6316 
0 4393 
0 953 
0 6317 
0 2813 
0 6318 
0 6319 
0 153 
0 379 
0 6320 
0 916 
0 6321 
0 6322 
0 4161 
0 296 
0 5074 
0 595 
0 788 
0 6323 
0 6211 
0 6324 
0 6325 
0 207 
0 6326 
0 297 
0 6327 
0 411 
0 4541 
0 956 
0 6328 
0 6329 
0 6330 
0 6331 
0 5726 
0 6332 
0 6299 
0 4885 
0 6289 
0 6333 
0 6238 
0 933 
0 5428 
0 4614 
0 5665 
0 1247 
0 4328 
0 6335 
0 297 
0 2451 
0 4388 
0 788 
0 379 
0 6336 
0 4520 
0 411 
0 542 
0 6337 
0 6338 
0 1811 
0 6018 
0 4166 
0 6339 
0 4516 
0 161 
0 297 
0 4603 
0 6340 
0 1665 
0 916 
0 542 
0 153 
0 5074 
0 5849 
0 1603 
0 6341 
0 952 
0 4570 
0 1081 
0 6342 
0 161 
0 4467 
0 6343 
0 4555 
0 731 
0 6344 
0 731 
0 6345 
0 6346 
0 4648 
0 353 
0 4200 
0 6347 
0 6329 
0 6019 
0 2180 
0 6348 
0 338 
0 4869 
0 6349 
0 1071 
0 4388 
0 6350 
0 6194 
0 1691 
0 6351 
0 6352 
0 6353 
0 6354 
0 5919 
0 5091 
0 5402 
0 4187 
0 3229 
0 6355 
0 5109 
0 6356 
0 6357 
0 811 
0 1071 
0 2407 
0 6358 
0 798 
0 6359 
0 6360 
0 6361 
0 4530 
0 6362 
0 6363 
0 4940 
0 4375 
0 1857 
0 6364 
0 6009 
0 6365 
0 1167 
0 6366 
0 2579 
0 893 
0 2332 
0 6367 
0 1096 
0 6368 
0 4964 
0 153 
0 6369 
0 6370 
0 2543 
0 4782 
0 2360 
0 5674 
0 5864 
0 6371 
0 6372 
0 1691 
0 2332 
0 4207 
0 851 
0 6373 
0 6374 
0 6375 
0 6376 
0 2732 
0 6377 
0 6378 
0 6370 
0 1681 
0 2180 
0 1203 
0 1228 
0 1096 
0 5913 
0 4580 
0 2543 
0 6379 
0 5955 
0 948 
0 2817 
0 6380 
0 6381 
0 4520 
0 6382 
0 4754 
0 6383 
0 6384 
0 6385 
0 2205 
0 3394 
0 318 
0 415 
0 6018 
0 6386 
0 6387 
0 6388 
0 4591 
0 868 
0 5955 
0 4541 
0 1738 
0 3460 
0 6389 
0 4840 
0 6390 
0 6391 
0 6392 
0 1348 
0 6393 
0 5478 
0 6394 
0 6395 
0 379 
0 4848 
0 5478 
0 6396 
0 6397 
0 6398 
0 5478 
0 6399 
0 4235 
0 4160 
0 6400 
0 6401 
0 2577 
0 6402 
0 457 
0 6403 
0 6404 
0 1061 
0 6405 
0 5296 
0 6406 
0 4318 
0 6407 
0 6408 
0 4860 
0 297 
0 6409 
0 6236 
0 297 
0 1347 
0 6299 
0 5955 
0 6410 
0 6397 
0 6411 
0 104 
0 6412 
0 2371 
0 4648 
0 4767 
0 6413 
0 4582 
0 3197 
0 6414 
0 6415 
0 6416 
0 379 
0 2180 
0 509 
0 3081 
0 4489 
0 454 
0 153 
0 4328 
0 5270 
0 4490 
0 6417 
0 6105 
0 6418 
0 6419 
0 6420 
0 6421 
0 5885 
0 4841 
0 6422 
0 857 
0 6423 
0 118 
0 4734 
0 2660 
0 6424 
0 6425 
0 4827 
0 6426 
0 6427 
0 4826 
0 4843 
0 6428 
0 5873 
0 4964 
0 2522 
0 6052 
0 5881 
0 6429 
0 6430 
0 6431 
0 6432 
0 5643 
0 4951 
